Canada, Life tables (period 5x10), Males	Last modified: 19 Dec 2023;  Methods Protocol: v6 (2017)

  Year          Age         mx       qx    ax      lx      dx      Lx       Tx     ex
1921-1929        0      0.12606  0.11583  0.30  100000   11583   91882  5686231  56.86
1921-1929      1-4      0.00866  0.03386  1.38   88417    2994  345813  5594348  63.27
1921-1929      5-9      0.00269  0.01336  2.27   85423    1142  424005  5248536  61.44
1921-1929     10-14     0.00209  0.01040  2.52   84282     877  419237  4824531  57.24
1921-1929     15-19     0.00299  0.01482  2.67   83405    1236  414144  4405293  52.82
1921-1929     20-24     0.00369  0.01829  2.51   82169    1503  407098  3991149  48.57
1921-1929     25-29     0.00383  0.01895  2.51   80666    1528  399530  3584052  44.43
1921-1929     30-34     0.00382  0.01894  2.50   79137    1499  391939  3184522  40.24
1921-1929     35-39     0.00470  0.02324  2.53   77639    1804  383731  2792583  35.97
1921-1929     40-44     0.00587  0.02892  2.50   75835    2193  373689  2408852  31.76
1921-1929     45-49     0.00755  0.03706  2.57   73641    2729  361575  2035163  27.64
1921-1929     50-54     0.01040  0.05072  2.61   70912    3597  345948  1673588  23.60
1921-1929     55-59     0.01594  0.07678  2.60   67316    5169  324180  1327640  19.72
1921-1929     60-64     0.02354  0.11143  2.61   62147    6925  294197  1003460  16.15
1921-1929     65-69     0.03810  0.17445  2.58   55222    9634  252840   709262  12.84
1921-1929     70-74     0.05880  0.25733  2.58   45589   11731  199525   456422  10.01
1921-1929     75-79     0.09480  0.38221  2.47   33857   12940  136505   256898   7.59
1921-1929     80-84     0.13839  0.50979  2.42   20917   10663   77051   120393   5.76
1921-1929     85-89     0.21433  0.66800  2.18   10254    6849   31957    43342   4.23
1921-1929     90-94     0.27683  0.75938  2.03    3404    2585    9338    11385   3.34
1921-1929     95-99     0.38824  0.87189  1.84     819     714    1840     2047   2.50
1921-1929    100-104    0.49894  0.93049  1.63     105      98     196      208   1.98
1921-1929    105-109    0.61029  0.96258  1.44       7       7      12       12   1.63
1921-1929    110+       0.69734  1.00000  1.43       0       0       0        0   1.43
1930-1939        0      0.09297  0.08728  0.30  100000    8728   93883  6062117  60.62
1930-1939      1-4      0.00595  0.02345  1.41   91272    2140  359537  5968234  65.39
1930-1939      5-9      0.00196  0.00975  2.30   89132     869  443314  5608697  62.93
1930-1939     10-14     0.00146  0.00729  2.55   88263     643  439740  5165383  58.52
1930-1939     15-19     0.00219  0.01090  2.67   87619     955  435871  4725643  53.93
1930-1939     20-24     0.00279  0.01385  2.53   86665    1200  430365  4289772  49.50
1930-1939     25-29     0.00296  0.01471  2.54   85465    1257  424227  3859407  45.16
1930-1939     30-34     0.00327  0.01621  2.54   84207    1365  417671  3435180  40.79
1930-1939     35-39     0.00404  0.01998  2.56   82842    1656  410170  3017509  36.42
1930-1939     40-44     0.00514  0.02539  2.58   81186    2061  400953  2607339  32.12
1930-1939     45-49     0.00712  0.03499  2.61   79125    2769  389009  2206386  27.88
1930-1939     50-54     0.01038  0.05066  2.60   76357    3868  372514  1817377  23.80
1930-1939     55-59     0.01537  0.07415  2.64   72489    5375  349780  1444863  19.93
1930-1939     60-64     0.02418  0.11437  2.64   67114    7676  317473  1095084  16.32
1930-1939     65-69     0.03623  0.16664  2.60   59438    9905  273410   777611  13.08
1930-1939     70-74     0.05755  0.25266  2.59   49533   12515  217462   504201  10.18
1930-1939     75-79     0.09099  0.37038  2.49   37018   13711  150690   286739   7.75
1930-1939     80-84     0.13560  0.50285  2.43   23307   11720   86430   136049   5.84
1930-1939     85-89     0.20973  0.66207  2.22   11587    7672   36579    49618   4.28
1930-1939     90-94     0.27753  0.76179  2.04    3916    2983   10748    13039   3.33
1930-1939     95-99     0.39525  0.87728  1.83     933     818    2070     2291   2.46
1930-1939    100-104    0.51136  0.93549  1.61     114     107     209      221   1.93
1930-1939    105-109    0.62693  0.96611  1.42       7       7      11       12   1.59
1930-1939    110+       0.71622  1.00000  1.40       0       0       0        0   1.40
1940-1949        0      0.06224  0.05940  0.23  100000    5940   95434  6404120  64.04
1940-1949      1-4      0.00333  0.01320  1.54   94060    1242  373189  6308687  67.07
1940-1949      5-9      0.00139  0.00694  2.29   92818     644  462342  5935497  63.95
1940-1949     10-14     0.00112  0.00557  2.56   92174     513  459615  5473155  59.38
1940-1949     15-19     0.00182  0.00909  2.73   91660     833  456414  5013540  54.70
1940-1949     20-24     0.00227  0.01129  2.48   90827    1025  451551  4557127  50.17
1940-1949     25-29     0.00220  0.01094  2.53   89802     983  446585  4105575  45.72
1940-1949     30-34     0.00239  0.01190  2.56   88819    1057  441522  3658990  41.20
1940-1949     35-39     0.00323  0.01602  2.62   87762    1406  435471  3217468  36.66
1940-1949     40-44     0.00454  0.02246  2.65   86356    1939  427226  2781997  32.22
1940-1949     45-49     0.00688  0.03388  2.66   84417    2860  415390  2354771  27.89
1940-1949     50-54     0.01027  0.05016  2.65   81557    4091  398161  1939381  23.78
1940-1949     55-59     0.01574  0.07591  2.66   77466    5881  373565  1541221  19.90
1940-1949     60-64     0.02442  0.11544  2.64   71585    8264  338436  1167656  16.31
1940-1949     65-69     0.03716  0.17054  2.59   63321   10799  290623   829220  13.10
1940-1949     70-74     0.05672  0.24942  2.58   52523   13100  230968   538597  10.25
1940-1949     75-79     0.08898  0.36398  2.50   39422   14349  161268   307629   7.80
1940-1949     80-84     0.13414  0.49907  2.44   25073   12513   93287   146361   5.84
1940-1949     85-89     0.21054  0.66547  2.24   12560    8358   39700    53074   4.23
1940-1949     90-94     0.29324  0.78640  2.05    4202    3304   11268    13374   3.18
1940-1949     95-99     0.41496  0.89075  1.80     897     799    1927     2106   2.35
1940-1949    100-104    0.53984  0.94546  1.56      98      93     172      180   1.83
1940-1949    105-109    0.66083  0.97224  1.37       5       5       8        8   1.51
1940-1949    110+       0.75176  1.00000  1.33       0       0       0        0   1.33
1950-1959        0      0.04082  0.03947  0.16  100000    3947   96690  6717828  67.18
1950-1959      1-4      0.00169  0.00674  1.58   96053     647  382649  6621137  68.93
1950-1959      5-9      0.00083  0.00414  2.36   95406     395  475987  6238489  65.39
1950-1959     10-14     0.00069  0.00343  2.58   95011     326  474267  5762501  60.65
1950-1959     15-19     0.00128  0.00640  2.77   94685     606  472072  5288234  55.85
1950-1959     20-24     0.00175  0.00873  2.45   94079     821  468304  4816162  51.19
1950-1959     25-29     0.00165  0.00824  2.51   93258     768  464378  4347858  46.62
1950-1959     30-34     0.00186  0.00924  2.57   92489     855  460373  3883480  41.99
1950-1959     35-39     0.00238  0.01182  2.64   91635    1083  455617  3423107  37.36
1950-1959     40-44     0.00370  0.01832  2.69   90551    1659  448916  2967491  32.77
1950-1959     45-49     0.00603  0.02975  2.70   88892    2644  438368  2518574  28.33
1950-1959     50-54     0.01000  0.04885  2.67   86248    4213  421426  2080207  24.12
1950-1959     55-59     0.01571  0.07574  2.66   82035    6214  395621  1658781  20.22
1950-1959     60-64     0.02436  0.11516  2.64   75821    8732  358489  1263160  16.66
1950-1959     65-69     0.03584  0.16497  2.59   67090   11068  308815   904672  13.48
1950-1959     70-74     0.05352  0.23704  2.59   56022   13279  248095   595857  10.64
1950-1959     75-79     0.08364  0.34620  2.51   42743   14797  176915   347762   8.14
1950-1959     80-84     0.12610  0.47755  2.46   27945   13345  105832   170847   6.11
1950-1959     85-89     0.19656  0.63957  2.27   14600    9338   47504    65015   4.45
1950-1959     90-94     0.27803  0.76822  2.09    5262    4043   14540    17510   3.33
1950-1959     95-99     0.39849  0.88037  1.83    1220    1074    2695     2970   2.44
1950-1959    100-104    0.52331  0.94024  1.59     146     137     262      276   1.89
1950-1959    105-109    0.64615  0.96988  1.39       9       8      13       13   1.54
1950-1959    110+       0.73944  1.00000  1.35       0       0       0        0   1.35
1960-1969        0      0.02759  0.02694  0.12  100000    2694   97625  6866047  68.66
1960-1969      1-4      0.00114  0.00454  1.69   97306     442  388208  6768422  69.56
1960-1969      5-9      0.00062  0.00310  2.30   96865     300  483515  6380214  65.87
1960-1969     10-14     0.00053  0.00266  2.67   96565     257  482226  5896699  61.06
1960-1969     15-19     0.00124  0.00619  2.91   96308     596  480291  5414473  56.22
1960-1969     20-24     0.00176  0.00875  2.42   95712     838  476399  4934182  51.55
1960-1969     25-29     0.00151  0.00752  2.49   94874     713  472576  4457783  46.99
1960-1969     30-34     0.00163  0.00812  2.58   94161     765  468953  3985207  42.32
1960-1969     35-39     0.00225  0.01119  2.66   93396    1045  464536  3516254  37.65
1960-1969     40-44     0.00348  0.01727  2.70   92351    1595  458081  3051718  33.04
1960-1969     45-49     0.00577  0.02845  2.69   90756    2582  447825  2593636  28.58
1960-1969     50-54     0.00953  0.04660  2.69   88174    4109  431395  2145812  24.34
1960-1969     55-59     0.01532  0.07395  2.67   84065    6216  405866  1714417  20.39
1960-1969     60-64     0.02399  0.11350  2.63   77848    8836  368265  1308551  16.81
1960-1969     65-69     0.03580  0.16469  2.58   69012   11366  317520   940285  13.62
1960-1969     70-74     0.05338  0.23626  2.57   57646   13619  255140   622765  10.80
1960-1969     75-79     0.08127  0.33798  2.51   44027   14880  183098   367626   8.35
1960-1969     80-84     0.12025  0.46023  2.45   29147   13414  111552   184527   6.33
1960-1969     85-89     0.18505  0.61641  2.29   15733    9698   52407    72976   4.64
1960-1969     90-94     0.27148  0.75941  2.10    6035    4583   16881    20569   3.41
1960-1969     95-99     0.38051  0.86763  1.87    1452    1260    3311     3688   2.54
1960-1969    100-104    0.50244  0.93272  1.63     192     179     357      377   1.96
1960-1969    105-109    0.62482  0.96600  1.42      13      12      20       21   1.59
1960-1969    110+       0.71926  1.00000  1.39       0       0       1        1   1.39
1970-1979        0      0.01665  0.01641  0.12  100000    1641   98550  7011618  70.12
1970-1979      1-4      0.00081  0.00324  1.76   98359     318  392724  6913068  70.28
1970-1979      5-9      0.00050  0.00252  2.28   98041     247  489532  6520344  66.51
1970-1979     10-14     0.00047  0.00235  2.71   97794     230  488443  6030813  61.67
1970-1979     15-19     0.00149  0.00745  2.93   97564     727  486316  5542370  56.81
1970-1979     20-24     0.00181  0.00902  2.36   96837     873  481882  5056054  52.21
1970-1979     25-29     0.00143  0.00714  2.46   95964     685  478082  4574172  47.67
1970-1979     30-34     0.00152  0.00756  2.58   95279     720  474649  4096091  42.99
1970-1979     35-39     0.00211  0.01050  2.67   94559     992  470481  3621442  38.30
1970-1979     40-44     0.00334  0.01656  2.69   93566    1549  464246  3150960  33.68
1970-1979     45-49     0.00547  0.02702  2.70   92017    2487  454355  2686714  29.20
1970-1979     50-54     0.00896  0.04391  2.68   89531    3931  438528  2232359  24.93
1970-1979     55-59     0.01422  0.06880  2.66   85600    5889  414220  1793831  20.96
1970-1979     60-64     0.02216  0.10524  2.62   79711    8389  378601  1379611  17.31
1970-1979     65-69     0.03384  0.15648  2.60   71322   11160  329798  1001010  14.04
1970-1979     70-74     0.05098  0.22670  2.56   60162   13639  267538   671212  11.16
1970-1979     75-79     0.07643  0.32117  2.51   46523   14942  195484   403674   8.68
1970-1979     80-84     0.11514  0.44454  2.44   31581   14039  121932   208190   6.59
1970-1979     85-89     0.17211  0.58777  2.30   17542   10311   59908    86258   4.92
1970-1979     90-94     0.25154  0.73186  2.14    7231    5292   21039    26350   3.64
1970-1979     95-99     0.35038  0.84291  1.92    1939    1634    4665     5311   2.74
1970-1979    100-104    0.46333  0.91578  1.70     305     279     602      646   2.12
1970-1979    105-109    0.58063  0.95613  1.49      26      25      42       44   1.71
1970-1979    110+       0.67380  1.00000  1.48       1       1       2        2   1.48
1980-1989        0      0.00942  0.00934  0.13  100000     934   99188  7289828  72.90
1980-1989      1-4      0.00050  0.00201  1.76   99066     200  395815  7190641  72.58
1980-1989      5-9      0.00028  0.00142  2.36   98866     141  493959  6794826  68.73
1980-1989     10-14     0.00032  0.00162  2.76   98725     160  493270  6300866  63.82
1980-1989     15-19     0.00110  0.00547  2.93   98566     539  491714  5807597  58.92
1980-1989     20-24     0.00135  0.00673  2.40   98027     660  488420  5315883  54.23
1980-1989     25-29     0.00122  0.00609  2.48   97368     593  485345  4827462  49.58
1980-1989     30-34     0.00130  0.00648  2.55   96774     627  482336  4342117  44.87
1980-1989     35-39     0.00160  0.00796  2.63   96147     765  478921  3859781  40.14
1980-1989     40-44     0.00239  0.01187  2.68   95382    1132  474289  3380861  35.45
1980-1989     45-49     0.00399  0.01976  2.72   94250    1862  466996  2906572  30.84
1980-1989     50-54     0.00685  0.03373  2.69   92388    3116  454752  2439575  26.41
1980-1989     55-59     0.01135  0.05530  2.67   89271    4937  434866  1984823  22.23
1980-1989     60-64     0.01826  0.08753  2.64   84334    7382  404265  1549958  18.38
1980-1989     65-69     0.02886  0.13501  2.62   76953   10390  360001  1145693  14.89
1980-1989     70-74     0.04488  0.20249  2.59   66563   13478  300301   785692  11.80
1980-1989     75-79     0.06926  0.29583  2.54   53085   15704  226733   485392   9.14
1980-1989     80-84     0.10728  0.42119  2.45   37380   15744  146757   258659   6.92
1980-1989     85-89     0.16044  0.56214  2.34   21636   12163   75807   111902   5.17
1980-1989     90-94     0.23855  0.71132  2.16    9474    6739   28249    36094   3.81
1980-1989     95-99     0.33258  0.82681  1.96    2735    2261    6799     7845   2.87
1980-1989    100-104    0.44362  0.90606  1.74     474     429     967     1046   2.21
1980-1989    105-109    0.56095  0.95104  1.53      44      42      75       79   1.77
1980-1989    110+       0.65516  1.00000  1.53       2       2       3        3   1.53
1990-1999        0      0.00652  0.00648  0.14  100000     648   99440  7510717  75.11
1990-1999      1-4      0.00033  0.00133  1.70   99352     132  397103  7411277  74.60
1990-1999      5-9      0.00018  0.00090  2.44   99220      89  495870  7014174  70.69
1990-1999     10-14     0.00023  0.00114  2.84   99131     113  495409  6518305  65.75
1990-1999     15-19     0.00080  0.00399  2.96   99018     396  494282  6022896  60.83
1990-1999     20-24     0.00104  0.00521  2.45   98622     514  491800  5528614  56.06
1990-1999     25-29     0.00107  0.00532  2.56   98108     522  489267  5036813  51.34
1990-1999     30-34     0.00127  0.00632  2.58   97587     616  486441  4547546  46.60
1990-1999     35-39     0.00159  0.00791  2.58   96970     767  482995  4061105  41.88
1990-1999     40-44     0.00214  0.01065  2.62   96203    1024  478573  3578110  37.19
1990-1999     45-49     0.00315  0.01564  2.68   95179    1489  472437  3099537  32.57
1990-1999     50-54     0.00509  0.02517  2.70   93690    2358  463017  2627100  28.04
1990-1999     55-59     0.00860  0.04216  2.69   91332    3851  447761  2164083  23.69
1990-1999     60-64     0.01434  0.06938  2.67   87481    6069  423266  1716322  19.62
1990-1999     65-69     0.02343  0.11098  2.64   81412    9035  385714  1293057  15.88
1990-1999     70-74     0.03744  0.17184  2.61   72376   12437  332204   907342  12.54
1990-1999     75-79     0.06021  0.26263  2.57   59940   15742  261456   575138   9.60
1990-1999     80-84     0.10058  0.40150  2.49   44198   17745  176420   313682   7.10
1990-1999     85-89     0.15808  0.55760  2.36   26452   14750   93309   137262   5.19
1990-1999     90-94     0.24065  0.71678  2.18   11703    8388   34857    43953   3.76
1990-1999     95-99     0.34859  0.84274  1.94    3314    2793    8013     9096   2.74
1990-1999    100-104    0.47291  0.92114  1.69     521     480    1015     1083   2.08
1990-1999    105-109    0.60138  0.96149  1.46      41      40      66       68   1.65
1990-1999    110+       0.70195  1.00000  1.42       2       2       2        2   1.42
2000-2009        0      0.00564  0.00561  0.14  100000     561   99516  7768446  77.68
2000-2009      1-4      0.00023  0.00092  1.64   99439      91  397540  7668930  77.12
2000-2009      5-9      0.00013  0.00064  2.40   99348      63  496573  7271390  73.19
2000-2009     10-14     0.00016  0.00078  2.88   99284      78  496257  6774817  68.24
2000-2009     15-19     0.00060  0.00299  2.94   99207     297  495422  6278560  63.29
2000-2009     20-24     0.00084  0.00418  2.47   98910     413  493502  5783138  58.47
2000-2009     25-29     0.00080  0.00400  2.53   98496     394  491507  5289636  53.70
2000-2009     30-34     0.00090  0.00450  2.57   98102     442  489435  4798129  48.91
2000-2009     35-39     0.00119  0.00594  2.63   97660     580  486928  4308695  44.12
2000-2009     40-44     0.00171  0.00852  2.66   97080     828  483462  3821767  39.37
2000-2009     45-49     0.00268  0.01333  2.69   96252    1284  478294  3338305  34.68
2000-2009     50-54     0.00428  0.02120  2.68   94969    2014  470169  2860011  30.12
2000-2009     55-59     0.00676  0.03328  2.66   92955    3093  457548  2389841  25.71
2000-2009     60-64     0.01091  0.05319  2.67   89862    4780  438151  1932293  21.50
2000-2009     65-69     0.01762  0.08463  2.66   85082    7201  408574  1494142  17.56
2000-2009     70-74     0.02859  0.13393  2.64   77881   10430  364779  1085569  13.94
2000-2009     75-79     0.04712  0.21176  2.61   67451   14283  303104   720790  10.69
2000-2009     80-84     0.08185  0.34088  2.55   53167   18124  221416   417686   7.86
2000-2009     85-89     0.13836  0.51017  2.43   35044   17878  129220   196270   5.60
2000-2009     90-94     0.22729  0.69713  2.23   17165   11966   52648    67050   3.91
2000-2009     95-99     0.34360  0.84029  1.96    5199    4369   12714    14402   2.77
2000-2009    100-104    0.48354  0.92700  1.67     830     770    1592     1688   2.03
2000-2009    105-109    0.62721  0.96733  1.43      61      59      93       96   1.59
2000-2009    110+       0.73693  1.00000  1.36       2       2       3        3   1.36
2010-2019        0      0.00507  0.00504  0.14  100000     504   99566  7971942  79.72
2010-2019      1-4      0.00019  0.00077  1.63   99496      77  397801  7872377  79.12
2010-2019      5-9      0.00009  0.00043  2.51   99419      43  496988  7474576  75.18
2010-2019     10-14     0.00012  0.00059  2.89   99376      59  496757  6977588  70.21
2010-2019     15-19     0.00045  0.00225  2.97   99317     223  496133  6480831  65.25
2010-2019     20-24     0.00074  0.00371  2.57   99094     368  494579  5984698  60.39
2010-2019     25-29     0.00086  0.00428  2.53   98727     423  492588  5490119  55.61
2010-2019     30-34     0.00095  0.00473  2.56   98304     465  490384  4997531  50.84
2010-2019     35-39     0.00113  0.00562  2.58   97839     550  487863  4507147  46.07
2010-2019     40-44     0.00152  0.00757  2.64   97289     736  484706  4019284  41.31
2010-2019     45-49     0.00229  0.01140  2.66   96553    1101  480189  3534578  36.61
2010-2019     50-54     0.00362  0.01797  2.68   95452    1715  473280  3054389  32.00
2010-2019     55-59     0.00580  0.02864  2.67   93736    2684  462432  2581109  27.54
2010-2019     60-64     0.00913  0.04467  2.66   91052    4068  445726  2118676  23.27
2010-2019     65-69     0.01405  0.06801  2.64   86985    5916  420980  1672950  19.23
2010-2019     70-74     0.02231  0.10600  2.65   81069    8594  385154  1251970  15.44
2010-2019     75-79     0.03662  0.16856  2.64   72475   12217  333570   866816  11.96
2010-2019     80-84     0.06412  0.27785  2.60   60259   16743  261132   533246   8.85
2010-2019     85-89     0.11471  0.44560  2.50   43516   19391  169035   272114   6.25
2010-2019     90-94     0.20062  0.65128  2.31   24125   15712   78320   103079   4.27
2010-2019     95-99     0.31939  0.81877  2.02    8413    6888   21567    24759   2.94
2010-2019    100-104    0.46811  0.92146  1.71    1525    1405    3001     3192   2.09
2010-2019    105-109    0.62398  0.96724  1.43     120     116     186      191   1.59
2010-2019    110+       0.74285  1.00000  1.35       4       4       5        5   1.35
2020-2021        0      0.00482  0.00480  0.14  100000     480   99587  7934615  79.35
2020-2021      1-4      0.00018  0.00070  1.65   99520      70  397918  7835028  78.73
2020-2021      5-9      0.00008  0.00041  2.46   99451      40  497151  7437110  74.78
2020-2021     10-14     0.00012  0.00059  2.80   99410      58  496923  6939959  69.81
2020-2021     15-19     0.00045  0.00224  2.93   99352     223  496299  6443036  64.85
2020-2021     20-24     0.00084  0.00421  2.63   99129     417  494659  5946737  59.99
2020-2021     25-29     0.00119  0.00593  2.61   98712     585  492163  5452078  55.23
2020-2021     30-34     0.00139  0.00695  2.54   98127     682  488959  4959916  50.55
2020-2021     35-39     0.00166  0.00827  2.55   97446     806  485251  4470957  45.88
2020-2021     40-44     0.00205  0.01021  2.57   96640     987  480799  3985706  41.24
2020-2021     45-49     0.00271  0.01345  2.65   95653    1286  475239  3504907  36.64
2020-2021     50-54     0.00402  0.01991  2.65   94367    1879  467419  3029668  32.11
2020-2021     55-59     0.00612  0.03015  2.66   92488    2789  455914  2562249  27.70
2020-2021     60-64     0.00930  0.04552  2.63   89699    4083  438804  2106335  23.48
2020-2021     65-69     0.01422  0.06880  2.63   85616    5890  414101  1667531  19.48
2020-2021     70-74     0.02172  0.10333  2.65   79726    8238  379247  1253431  15.72
2020-2021     75-79     0.03528  0.16282  2.63   71488   11640  329901   874184  12.23
2020-2021     80-84     0.06081  0.26543  2.61   59848   15886  261223   544283   9.09
2020-2021     85-89     0.10891  0.42892  2.52   43963   18856  173140   283060   6.44
2020-2021     90-94     0.19426  0.63933  2.33   25106   16051   82626   109920   4.38
2020-2021     95-99     0.31040  0.80959  2.05    9055    7331   23618    27294   3.01
2020-2021    100-104    0.45895  0.91741  1.73    1724    1582    3446     3676   2.13
2020-2021    105-109    0.61635  0.96587  1.45     142     138     223      230   1.61
2020-2021    110+       0.73721  1.00000  1.36       5       5       7        7   1.36
