Australia, Exposure to risk (period 1x10), 	Last modified: 29 Nov 2022;  Methods Protocol: v6 (2017)

  Year          Age             Female            Male           Total
1921-1929        0            570597.82       594760.88      1165358.70
1921-1929        1            559186.49       580183.13      1139369.63
1921-1929        2            553329.77       573211.71      1126541.48
1921-1929        3            549287.36       568762.26      1118049.62
1921-1929        4            545983.14       565060.76      1111043.90
1921-1929        5            542789.17       562237.36      1105026.52
1921-1929        6            540999.87       560478.85      1101478.72
1921-1929        7            538867.41       557358.73      1096226.14
1921-1929        8            534668.88       551960.73      1086629.61
1921-1929        9            530537.22       545900.47      1076437.69
1921-1929       10            527447.15       541645.43      1069092.58
1921-1929       11            525000.01       538247.95      1063247.96
1921-1929       12            520787.81       533426.26      1054214.07
1921-1929       13            513847.45       525685.92      1039533.38
1921-1929       14            504837.51       516317.27      1021154.77
1921-1929       15            493000.95       506649.11       999650.06
1921-1929       16            480305.69       496965.57       977271.26
1921-1929       17            467958.71       486795.80       954754.51
1921-1929       18            456803.30       477265.31       934068.61
1921-1929       19            448076.09       469361.78       917437.87
1921-1929       20            441323.27       462125.85       903449.11
1921-1929       21            435592.13       454935.44       890527.57
1921-1929       22            430524.55       447786.61       878311.16
1921-1929       23            426696.87       440789.29       867486.16
1921-1929       24            424992.38       434510.50       859502.89
1921-1929       25            424615.75       429603.23       854218.97
1921-1929       26            425463.78       426270.01       851733.80
1921-1929       27            427096.31       423795.04       850891.35
1921-1929       28            428223.64       422049.52       850273.15
1921-1929       29            428353.29       420748.39       849101.67
1921-1929       30            427344.41       419669.13       847013.55
1921-1929       31            425845.13       419440.29       845285.42
1921-1929       32            423942.06       420789.94       844732.00
1921-1929       33            420300.27       421568.85       841869.12
1921-1929       34            415048.22       420359.23       835407.45
1921-1929       35            408475.23       417788.11       826263.34
1921-1929       36            400491.55       413088.95       813580.49
1921-1929       37            390509.88       406153.82       796663.70
1921-1929       38            379281.67       396470.46       775752.13
1921-1929       39            368093.31       386357.03       754450.34
1921-1929       40            357633.97       375866.72       733500.69
1921-1929       41            346211.56       364590.11       710801.67
1921-1929       42            334217.69       352881.93       687099.61
1921-1929       43            321712.84       341174.95       662887.80
1921-1929       44            309516.25       329087.55       638603.79
1921-1929       45            298009.64       317260.20       615269.84
1921-1929       46            287726.49       306149.95       593876.44
1921-1929       47            278178.95       296061.40       574240.36
1921-1929       48            269106.21       286426.87       555533.08
1921-1929       49            260015.09       277838.57       537853.67
1921-1929       50            251307.27       269414.96       520722.23
1921-1929       51            243827.52       262298.54       506126.06
1921-1929       52            237058.03       255962.95       493020.98
1921-1929       53            230339.58       249671.05       480010.63
1921-1929       54            223071.61       243695.34       466766.95
1921-1929       55            216125.69       237594.39       453720.08
1921-1929       56            209252.00       232080.32       441332.32
1921-1929       57            202848.65       226507.63       429356.28
1921-1929       58            196377.40       220128.42       416505.82
1921-1929       59            189035.44       213063.84       402099.28
1921-1929       60            181856.45       205010.19       386866.64
1921-1929       61            174009.93       196854.98       370864.92
1921-1929       62            165728.38       188673.32       354401.70
1921-1929       63            157428.82       179267.34       336696.17
1921-1929       64            148964.01       168892.65       317856.65
1921-1929       65            139828.27       157836.20       297664.47
1921-1929       66            129985.60       146494.83       276480.44
1921-1929       67            119843.93       134863.18       254707.11
1921-1929       68            109738.65       122427.60       232166.25
1921-1929       69             99517.75       110433.02       209950.77
1921-1929       70             90033.73        98759.07       188792.80
1921-1929       71             81053.79        88178.25       169232.04
1921-1929       72             72992.69        78666.39       151659.08
1921-1929       73             64767.77        68883.85       133651.61
1921-1929       74             57488.53        60207.14       117695.66
1921-1929       75             51341.13        52475.63       103816.75
1921-1929       76             46033.95        45988.93        92022.88
1921-1929       77             41585.18        40536.93        82122.11
1921-1929       78             37226.55        35425.08        72651.63
1921-1929       79             32848.29        30624.79        63473.07
1921-1929       80             30667.91        27580.12        58248.03
1921-1929       81             26930.27        23771.50        50701.77
1921-1929       82             23480.39        20400.75        43881.13
1921-1929       83             19968.85        17186.61        37155.46
1921-1929       84             16704.81        14294.50        30999.31
1921-1929       85             13754.85        11569.88        25324.73
1921-1929       86             11187.51         9190.82        20378.33
1921-1929       87              8939.85         7246.88        16186.73
1921-1929       88              7024.12         5729.57        12753.69
1921-1929       89              5485.96         4467.75         9953.71
1921-1929       90              4246.46         3363.37         7609.83
1921-1929       91              3276.77         2534.31         5811.08
1921-1929       92              2552.06         1926.30         4478.36
1921-1929       93              1924.29         1412.47         3336.76
1921-1929       94              1407.94         1015.89         2423.83
1921-1929       95               998.97          716.43         1715.40
1921-1929       96               668.84          493.84         1162.68
1921-1929       97               420.09          328.13          748.22
1921-1929       98               246.84          221.46          468.29
1921-1929       99               143.05          152.70          295.74
1921-1929      100                98.63          100.91          199.55
1921-1929      101                72.31           72.82          145.13
1921-1929      102                45.31           56.72          102.03
1921-1929      103                27.61           40.93           68.54
1921-1929      104                16.81           28.67           45.47
1921-1929      105                 9.16           18.54           27.70
1921-1929      106                 5.70           13.68           19.38
1921-1929      107                 2.70           12.50           15.20
1921-1929      108                 1.00           10.12           11.12
1921-1929      109                 0.74            6.42            7.16
1921-1929      110+                0.24            5.88            6.12
1930-1939        0            554375.44       579056.08      1133431.52
1930-1939        1            550397.50       574204.87      1124602.37
1930-1939        2            552264.55       576015.55      1128280.10
1930-1939        3            556928.02       580053.94      1136981.96
1930-1939        4            564687.15       587737.85      1152425.00
1930-1939        5            575178.64       597457.12      1172635.76
1930-1939        6            586278.39       607756.43      1194034.83
1930-1939        7            597952.10       618229.51      1216181.61
1930-1939        8            608413.73       627964.29      1236378.02
1930-1939        9            615285.12       634435.81      1249720.93
1930-1939       10            617101.28       635778.53      1252879.81
1930-1939       11            615759.85       633836.81      1249596.66
1930-1939       12            614030.08       631255.26      1245285.35
1930-1939       13            612529.14       630103.14      1242632.28
1930-1939       14            611380.00       629128.57      1240508.57
1930-1939       15            610873.72       628870.87      1239744.59
1930-1939       16            610430.13       628203.57      1238633.69
1930-1939       17            607717.31       625290.85      1233008.16
1930-1939       18            602750.02       619999.67      1222749.69
1930-1939       19            596672.02       613768.88      1210440.89
1930-1939       20            592139.97       609889.69      1202029.66
1930-1939       21            588540.89       606863.79      1195404.68
1930-1939       22            583475.86       603021.25      1186497.10
1930-1939       23            576162.56       598225.36      1174387.92
1930-1939       24            565797.85       591634.26      1157432.11
1930-1939       25            552884.91       583050.32      1135935.23
1930-1939       26            538583.13       572702.65      1111285.78
1930-1939       27            525847.78       562570.62      1088418.40
1930-1939       28            515513.68       553392.18      1068905.86
1930-1939       29            506954.39       544590.07      1051544.46
1930-1939       30            499552.09       535566.67      1035118.75
1930-1939       31            492453.33       525494.80      1017948.14
1930-1939       32            485548.50       515270.90      1000819.40
1930-1939       33            480338.13       504993.53       985331.66
1930-1939       34            477082.61       495264.78       972347.38
1930-1939       35            474774.96       486776.03       961550.99
1930-1939       36            473569.15       480339.98       953909.13
1930-1939       37            473145.33       475661.38       948806.71
1930-1939       38            471524.99       471236.92       942761.91
1930-1939       39            468183.20       466488.81       934672.01
1930-1939       40            464507.40       462052.72       926560.12
1930-1939       41            461055.10       459297.60       920352.70
1930-1939       42            457162.55       456750.74       913913.28
1930-1939       43            450820.50       453254.08       904074.58
1930-1939       44            443800.80       448934.97       892735.76
1930-1939       45            434832.78       442887.80       877720.58
1930-1939       46            423718.02       435099.58       858817.60
1930-1939       47            411199.51       424758.84       835958.35
1930-1939       48            397924.99       413336.55       811261.53
1930-1939       49            384623.54       401063.00       785686.54
1930-1939       50            371124.30       387569.45       758693.75
1930-1939       51            356828.24       373073.18       729901.42
1930-1939       52            342329.22       358049.20       700378.43
1930-1939       53            327851.30       342647.32       670498.62
1930-1939       54            314174.38       327870.28       642044.67
1930-1939       55            301517.94       313192.17       614710.11
1930-1939       56            289786.78       299236.67       589023.46
1930-1939       57            279059.19       286431.20       565490.39
1930-1939       58            268708.50       274228.00       542936.49
1930-1939       59            258132.08       262474.50       520606.58
1930-1939       60            247899.27       251417.61       499316.88
1930-1939       61            238892.84       241312.53       480205.37
1930-1939       62            230365.06       232258.27       462623.33
1930-1939       63            221716.62       223031.56       444748.18
1930-1939       64            212864.06       214377.10       427241.16
1930-1939       65            204231.81       205471.34       409703.15
1930-1939       66            195084.32       196624.63       391708.94
1930-1939       67            186033.45       188222.21       374255.66
1930-1939       68            176409.62       178377.58       354787.20
1930-1939       69            166234.79       168429.19       334663.98
1930-1939       70            155804.43       157747.66       313552.09
1930-1939       71            145333.44       146776.97       292110.41
1930-1939       72            134452.81       135598.60       270051.41
1930-1939       73            123699.20       123621.89       247321.09
1930-1939       74            112801.80       111849.55       224651.35
1930-1939       75            101168.97        99393.14       200562.10
1930-1939       76             89417.74        87065.15       176482.89
1930-1939       77             78718.05        75118.75       153836.80
1930-1939       78             68389.07        64214.26       132603.33
1930-1939       79             58612.86        54064.55       112677.41
1930-1939       80             52753.71        48162.06       100915.77
1930-1939       81             44861.81        40192.87        85054.68
1930-1939       82             37857.65        33129.02        70986.67
1930-1939       83             31353.44        26531.71        57885.15
1930-1939       84             25626.43        20841.25        46467.67
1930-1939       85             20758.81        16261.50        37020.31
1930-1939       86             16702.25        12733.74        29435.98
1930-1939       87             13316.31         9861.85        23178.15
1930-1939       88             10555.23         7542.78        18098.01
1930-1939       89              8217.12         5685.68        13902.81
1930-1939       90              6233.57         4219.95        10453.52
1930-1939       91              4686.13         3127.63         7813.76
1930-1939       92              3489.25         2326.62         5815.87
1930-1939       93              2528.32         1704.14         4232.46
1930-1939       94              1813.15         1222.61         3035.75
1930-1939       95              1273.64          851.53         2125.17
1930-1939       96               864.81          576.19         1441.01
1930-1939       97               560.19          384.67          944.85
1930-1939       98               342.47          249.03          591.50
1930-1939       99               201.36          157.03          358.38
1930-1939      100               114.56          103.40          217.95
1930-1939      101                70.12           73.99          144.10
1930-1939      102                48.90           56.53          105.43
1930-1939      103                30.30           39.89           70.19
1930-1939      104                15.58           26.43           42.02
1930-1939      105                 7.67           14.96           22.63
1930-1939      106                 3.18            7.36           10.53
1930-1939      107                 1.77            4.74            6.51
1930-1939      108                 1.48            3.72            5.20
1930-1939      109                 0.75            2.47            3.22
1930-1939      110+                1.25            0.95            2.19
1940-1949        0            737567.34       771603.52      1509170.86
1940-1949        1            703945.10       734887.47      1438832.57
1940-1949        2            673301.73       701863.93      1375165.67
1940-1949        3            643133.38       669244.96      1312378.34
1940-1949        4            617755.24       641313.95      1259069.19
1940-1949        5            594728.78       616935.07      1211663.85
1940-1949        6            574379.08       595732.76      1170111.83
1940-1949        7            559434.02       580062.49      1139496.51
1940-1949        8            549062.99       569366.12      1118429.11
1940-1949        9            544709.58       564985.31      1109694.90
1940-1949       10            545024.23       565421.78      1110446.02
1940-1949       11            547464.53       568314.73      1115779.25
1940-1949       12            551733.18       571787.52      1123520.70
1940-1949       13            557974.51       576429.22      1134403.73
1940-1949       14            566734.05       583789.55      1150523.60
1940-1949       15            578255.12       593108.26      1171363.38
1940-1949       16            589904.68       603081.76      1192986.44
1940-1949       17            602028.24       613430.06      1215458.30
1940-1949       18            612239.76       622914.45      1235154.21
1940-1949       19            618237.66       628059.83      1246297.49
1940-1949       20            619608.87       629387.16      1248996.03
1940-1949       21            617017.41       627549.83      1244567.24
1940-1949       22            614413.84       623999.73      1238413.58
1940-1949       23            612663.17       620227.43      1232890.60
1940-1949       24            611364.49       616252.90      1227617.39
1940-1949       25            611183.41       613271.53      1224454.93
1940-1949       26            610741.45       611351.08      1222092.53
1940-1949       27            607953.51       607586.37      1215539.88
1940-1949       28            602362.46       602043.56      1204406.02
1940-1949       29            595886.53       596087.25      1191973.78
1940-1949       30            590351.44       592444.20      1182795.64
1940-1949       31            585525.17       590639.50      1176164.66
1940-1949       32            580034.40       588847.01      1168881.42
1940-1949       33            571446.40       585504.95      1156951.35
1940-1949       34            560282.45       580566.14      1140848.59
1940-1949       35            546518.61       572451.94      1118970.55
1940-1949       36            531241.45       561931.46      1093172.91
1940-1949       37            517430.65       551527.59      1068958.24
1940-1949       38            505921.04       541422.93      1047343.97
1940-1949       39            496484.66       532069.41      1028554.06
1940-1949       40            488508.27       522369.72      1010877.98
1940-1949       41            480184.95       511871.87       992056.83
1940-1949       42            472129.30       500596.88       972726.18
1940-1949       43            465793.79       489371.27       955165.05
1940-1949       44            461488.22       478466.11       939954.33
1940-1949       45            457982.09       468729.72       926711.82
1940-1949       46            456101.32       460417.75       916519.07
1940-1949       47            454227.04       453737.63       907964.67
1940-1949       48            451480.84       447611.22       899092.06
1940-1949       49            447213.57       440662.68       887876.25
1940-1949       50            441936.64       434105.55       876042.19
1940-1949       51            437134.31       429051.14       866185.45
1940-1949       52            431291.93       423703.07       854994.99
1940-1949       53            423623.90       417256.27       840880.17
1940-1949       54            414553.93       409761.73       824315.67
1940-1949       55            404534.07       401166.79       805700.85
1940-1949       56            392994.96       391103.54       784098.50
1940-1949       57            379301.79       378638.60       757940.39
1940-1949       58            365228.69       364667.49       729896.18
1940-1949       59            350801.30       349770.08       700571.38
1940-1949       60            336670.92       333621.80       670292.71
1940-1949       61            321950.55       316223.79       638174.34
1940-1949       62            306726.28       298748.70       605474.99
1940-1949       63            291122.69       281071.31       572193.99
1940-1949       64            275971.43       263569.48       539540.91
1940-1949       65            261233.39       246733.30       507966.69
1940-1949       66            247525.82       230625.35       478151.17
1940-1949       67            234472.13       216170.62       450642.75
1940-1949       68            221496.21       201767.56       423263.77
1940-1949       69            207944.96       188013.09       395958.05
1940-1949       70            194834.66       175078.49       369913.15
1940-1949       71            183027.72       163749.05       346776.77
1940-1949       72            171997.55       152619.49       324617.04
1940-1949       73            160498.22       141094.63       301592.85
1940-1949       74            149094.13       130165.13       279259.26
1940-1949       75            137336.53       119358.00       256694.52
1940-1949       76            125987.95       108660.85       234648.80
1940-1949       77            114638.31        98459.32       213097.62
1940-1949       78            104038.32        87789.41       191827.73
1940-1949       79             92539.94        77291.68       169831.62
1940-1949       80             85469.16        70244.77       155713.93
1940-1949       81             74680.90        60743.88       135424.78
1940-1949       82             64476.98        51871.02       116348.00
1940-1949       83             54682.41        43221.27        97903.68
1940-1949       84             45526.59        35181.38        80707.96
1940-1949       85             36980.30        27827.08        64807.38
1940-1949       86             29311.71        21441.20        50752.91
1940-1949       87             22711.24        16118.74        38829.98
1940-1949       88             17345.60        11920.19        29265.79
1940-1949       89             12978.09         8689.51        21667.59
1940-1949       90              9519.55         6206.80        15726.35
1940-1949       91              6969.58         4408.48        11378.06
1940-1949       92              5049.02         3108.20         8157.22
1940-1949       93              3524.17         2115.01         5639.17
1940-1949       94              2391.08         1405.01         3796.08
1940-1949       95              1592.85          922.57         2515.42
1940-1949       96              1058.25          601.30         1659.55
1940-1949       97               687.01          386.77         1073.77
1940-1949       98               419.80          239.06          658.86
1940-1949       99               240.14          145.09          385.22
1940-1949      100               124.97           84.70          209.66
1940-1949      101                65.53           45.50          111.03
1940-1949      102                33.46           24.31           57.77
1940-1949      103                15.56           11.35           26.91
1940-1949      104                 4.57            3.31            7.88
1940-1949      105                 0.93            1.13            2.06
1940-1949      106                 0.49            0.76            1.25
1940-1949      107                 0.00            0.24            0.24
1940-1949      108                 0.00            0.27            0.27
1940-1949      109                 0.00            0.77            0.77
1940-1949      110+                0.00            0.47            0.47
1950-1959        0            990015.04      1037771.51      2027786.55
1950-1959        1            969305.45      1014565.65      1983871.10
1950-1959        2            958452.49      1003259.19      1961711.67
1950-1959        3            950661.13       994468.48      1945129.61
1950-1959        4            938488.76       981047.53      1919536.29
1950-1959        5            921833.87       963642.59      1885476.46
1950-1959        6            901884.47       942818.51      1844702.98
1950-1959        7            876849.18       916657.15      1793506.33
1950-1959        8            849348.48       888133.57      1737482.05
1950-1959        9            820136.11       857297.42      1677433.53
1950-1959       10            789456.46       824918.63      1614375.09
1950-1959       11            757955.31       791692.75      1549648.06
1950-1959       12            723752.65       755466.82      1479219.47
1950-1959       13            688608.45       717923.21      1406531.66
1950-1959       14            659526.07       686687.54      1346213.61
1950-1959       15            634224.83       659882.03      1294106.86
1950-1959       16            612048.12       637728.01      1249776.13
1950-1959       17            595675.78       623406.11      1219081.88
1950-1959       18            585881.12       615635.72      1201516.84
1950-1959       19            582679.52       614808.23      1197487.75
1950-1959       20            584323.93       620359.31      1204683.23
1950-1959       21            588591.26       630302.37      1218893.63
1950-1959       22            595235.11       641195.84      1236430.94
1950-1959       23            604252.11       653661.03      1257913.14
1950-1959       24            616688.05       670249.27      1286937.33
1950-1959       25            631309.37       688825.83      1320135.20
1950-1959       26            646683.96       707054.41      1353738.37
1950-1959       27            662033.11       723330.60      1385363.71
1950-1959       28            675271.01       735495.43      1410766.45
1950-1959       29            683569.23       741570.55      1425139.78
1950-1959       30            685914.50       740519.53      1426434.03
1950-1959       31            684274.91       733285.26      1417560.16
1950-1959       32            681174.03       723709.35      1404883.38
1950-1959       33            677349.24       713257.12      1390606.36
1950-1959       34            672750.48       703129.57      1375880.06
1950-1959       35            668517.68       694462.38      1362980.06
1950-1959       36            663549.39       687762.77      1351312.16
1950-1959       37            656085.63       679445.14      1335530.77
1950-1959       38            645719.62       669026.37      1314745.99
1950-1959       39            633942.74       658419.40      1292362.14
1950-1959       40            623926.15       650919.04      1274845.19
1950-1959       41            616219.35       646533.46      1262752.82
1950-1959       42            608003.92       642416.63      1250420.55
1950-1959       43            596842.47       635551.75      1232394.21
1950-1959       44            582129.40       625189.99      1207319.38
1950-1959       45            564167.67       611051.93      1175219.60
1950-1959       46            544613.99       593981.05      1138595.04
1950-1959       47            527026.70       576477.41      1103504.11
1950-1959       48            510015.31       558344.75      1068360.05
1950-1959       49            498304.04       541612.95      1039916.99
1950-1959       50            485924.42       524714.13      1010638.55
1950-1959       51            474348.98       507513.55       981862.53
1950-1959       52            463767.56       489837.54       953605.10
1950-1959       53            454707.75       472333.39       927041.14
1950-1959       54            447302.20       455350.79       902652.99
1950-1959       55            441094.43       439642.89       880737.32
1950-1959       56            436013.06       425903.88       861916.95
1950-1959       57            431313.81       413398.92       844712.74
1950-1959       58            425692.73       401645.22       827337.95
1950-1959       59            418449.85       389818.77       808268.62
1950-1959       60            410392.45       378981.88       789374.33
1950-1959       61            402565.79       368980.64       771546.42
1950-1959       62            393648.09       358236.19       751884.28
1950-1959       63            382829.02       346188.34       729017.36
1950-1959       64            370634.51       333094.32       703728.82
1950-1959       65            356930.47       318814.27       675744.74
1950-1959       66            342066.39       303727.08       645793.47
1950-1959       67            325423.82       287413.16       612836.98
1950-1959       68            307723.43       269040.47       576763.90
1950-1959       69            290320.38       250617.01       540937.39
1950-1959       70            273161.48       231737.72       504899.20
1950-1959       71            255067.39       213188.76       468256.15
1950-1959       72            236992.07       194837.97       431830.04
1950-1959       73            218537.38       176234.47       394771.86
1950-1959       74            200286.44       158231.66       358518.10
1950-1959       75            182944.69       141740.35       324685.04
1950-1959       76            166210.23       126107.68       292317.91
1950-1959       77            150832.41       112379.78       263212.19
1950-1959       78            135830.54        99226.73       235057.28
1950-1959       79            121028.34        86672.92       207701.26
1950-1959       80            113161.32        78823.13       191984.45
1950-1959       81             99933.10        68517.12       168450.22
1950-1959       82             87712.18        59136.19       146848.37
1950-1959       83             75484.75        50174.81       125659.56
1950-1959       84             63739.72        41811.84       105551.57
1950-1959       85             53033.91        34304.08        87337.99
1950-1959       86             43444.71        27665.82        71110.53
1950-1959       87             35031.80        21838.98        56870.77
1950-1959       88             27969.63        16983.08        44952.71
1950-1959       89             21864.58        12891.96        34756.54
1950-1959       90             16597.60         9573.47        26171.06
1950-1959       91             12428.08         7068.88        19496.96
1950-1959       92              9162.55         5098.73        14261.29
1950-1959       93              6521.66         3508.60        10030.26
1950-1959       94              4496.07         2359.80         6855.87
1950-1959       95              2984.14         1551.52         4535.66
1950-1959       96              1912.36          973.43         2885.79
1950-1959       97              1174.81          593.13         1767.94
1950-1959       98               677.39          351.18         1028.57
1950-1959       99               371.25          203.06          574.31
1950-1959      100               200.62          116.88          317.50
1950-1959      101               107.74           61.02          168.76
1950-1959      102                54.88           28.84           83.72
1950-1959      103                25.33           11.01           36.34
1950-1959      104                 8.93            3.17           12.10
1950-1959      105                 1.21            0.40            1.61
1950-1959      106                 0.00            0.00            0.00
1950-1959      107                 0.00            0.00            0.00
1950-1959      108                 0.00            0.00            0.00
1950-1959      109                 0.00            0.00            0.00
1950-1959      110+                0.00            0.00            0.00
1960-1969        0           1120349.69      1178778.02      2299127.72
1960-1969        1           1113236.98      1170233.14      2283470.12
1960-1969        2           1115170.46      1172289.35      2287459.81
1960-1969        3           1117482.80      1174217.88      2291700.67
1960-1969        4           1119156.21      1176050.20      2295206.41
1960-1969        5           1117588.27      1173787.55      2291375.83
1960-1969        6           1111602.66      1166759.06      2278361.73
1960-1969        7           1101997.84      1155851.68      2257849.52
1960-1969        8           1089016.20      1142135.85      2231152.04
1960-1969        9           1075802.02      1127501.70      2203303.72
1960-1969       10           1062815.23      1113360.11      2176175.33
1960-1969       11           1049055.16      1099265.43      2148320.59
1960-1969       12           1038968.99      1088613.84      2127582.84
1960-1969       13           1030015.84      1078621.47      2108637.31
1960-1969       14           1013983.88      1061498.49      2075482.36
1960-1969       15            993234.70      1039054.15      2032288.84
1960-1969       16            968665.59      1014304.18      1982969.77
1960-1969       17            939651.58       985615.71      1925267.29
1960-1969       18            912699.16       959306.70      1872005.86
1960-1969       19            887765.87       933546.26      1821312.13
1960-1969       20            860545.05       905265.88      1765810.93
1960-1969       21            831925.92       874610.22      1706536.15
1960-1969       22            799677.85       843394.47      1643072.32
1960-1969       23            767637.69       813822.36      1581460.05
1960-1969       24            743334.83       789791.24      1533126.08
1960-1969       25            723737.43       771165.90      1494903.33
1960-1969       26            707094.54       756287.17      1463381.71
1960-1969       27            695165.36       745343.16      1440508.51
1960-1969       28            686866.50       737368.71      1424235.21
1960-1969       29            683662.03       734139.48      1417801.51
1960-1969       30            683934.02       734797.53      1418731.55
1960-1969       31            685253.71       738239.73      1423493.44
1960-1969       32            688547.72       743689.80      1432237.52
1960-1969       33            693886.37       750741.45      1444627.81
1960-1969       34            702270.71       759722.85      1461993.56
1960-1969       35            713295.34       769665.89      1482961.23
1960-1969       36            724338.75       779386.88      1503725.63
1960-1969       37            734508.47       787458.77      1521967.23
1960-1969       38            742532.87       793434.91      1535967.78
1960-1969       39            745392.00       794300.73      1539692.73
1960-1969       40            742966.03       788033.61      1530999.64
1960-1969       41            735106.42       774274.24      1509380.66
1960-1969       42            724487.42       757848.17      1482335.60
1960-1969       43            714002.91       741557.91      1455560.82
1960-1969       44            704001.76       727300.21      1431301.96
1960-1969       45            694402.78       715223.51      1409626.29
1960-1969       46            684655.34       703536.24      1388191.58
1960-1969       47            672349.36       690221.70      1362571.07
1960-1969       48            656854.99       674252.02      1331107.01
1960-1969       49            640540.87       657860.46      1298401.33
1960-1969       50            625912.90       644565.40      1270478.30
1960-1969       51            614362.56       634262.89      1248625.45
1960-1969       52            602143.31       623666.99      1225810.29
1960-1969       53            587013.83       609664.45      1196678.28
1960-1969       54            568968.15       593244.24      1162212.39
1960-1969       55            548778.72       573613.45      1122392.17
1960-1969       56            527587.20       551119.66      1078706.86
1960-1969       57            508486.51       527899.99      1036386.50
1960-1969       58            491989.72       504805.21       996794.93
1960-1969       59            477053.56       482607.20       959660.76
1960-1969       60            462597.72       460226.58       922824.30
1960-1969       61            448964.38       438118.66       887083.03
1960-1969       62            435561.47       416570.26       852131.72
1960-1969       63            423913.91       394397.88       818311.80
1960-1969       64            412712.48       372535.11       785247.59
1960-1969       65            401958.10       351752.74       753710.84
1960-1969       66            392738.55       333260.52       725999.07
1960-1969       67            383748.77       316146.81       699895.58
1960-1969       68            372813.82       298870.20       671684.03
1960-1969       69            358743.43       281540.51       640283.94
1960-1969       70            343619.18       264452.87       608072.05
1960-1969       71            329507.40       248784.90       578292.30
1960-1969       72            315076.01       233640.65       548716.66
1960-1969       73            298026.10       217451.94       515478.04
1960-1969       74            279465.30       200905.94       480371.23
1960-1969       75            260013.62       184194.96       444208.58
1960-1969       76            239797.48       167112.70       406910.18
1960-1969       77            219026.22       150035.33       369061.55
1960-1969       78            198022.98       132793.64       330816.62
1960-1969       79            177803.20       116039.60       293842.80
1960-1969       80            166213.53       104534.39       270747.91
1960-1969       81            146607.31        89643.21       236250.51
1960-1969       82            127894.77        75969.45       203864.22
1960-1969       83            110081.14        63452.83       173533.97
1960-1969       84             93258.86        52172.50       145431.36
1960-1969       85             77781.57        42120.45       119902.02
1960-1969       86             64085.81        33591.57        97677.37
1960-1969       87             52103.98        26348.18        78452.16
1960-1969       88             41826.34        20324.86        62151.20
1960-1969       89             32960.85        15483.60        48444.45
1960-1969       90             25382.47        11613.87        36996.34
1960-1969       91             19307.66         8560.84        27868.50
1960-1969       92             14450.32         6231.82        20682.14
1960-1969       93             10457.18         4423.51        14880.69
1960-1969       94              7342.28         3019.96        10362.24
1960-1969       95              5010.07         2002.76         7012.82
1960-1969       96              3371.91         1287.03         4658.93
1960-1969       97              2228.03          806.63         3034.67
1960-1969       98              1413.97          488.20         1902.17
1960-1969       99               862.58          278.32         1140.90
1960-1969      100               508.84          165.32          674.16
1960-1969      101               289.66          100.48          390.14
1960-1969      102               158.40           57.05          215.45
1960-1969      103                83.56           30.01          113.57
1960-1969      104                38.08           13.86           51.94
1960-1969      105                17.62            6.01           23.62
1960-1969      106                10.35            2.89           13.24
1960-1969      107                 5.93            0.70            6.64
1960-1969      108                 4.10            0.00            4.10
1960-1969      109                 2.56            0.00            2.56
1960-1969      110+                0.72            0.00            0.72
1970-1979        0           1176728.63      1233559.55      2410288.19
1970-1979        1           1191056.79      1245701.65      2436758.44
1970-1979        2           1207923.54      1262420.41      2470343.94
1970-1979        3           1221601.56      1276922.05      2498523.61
1970-1979        4           1230485.99      1286985.61      2517471.60
1970-1979        5           1236269.59      1293460.51      2529730.09
1970-1979        6           1239612.01      1298411.76      2538023.77
1970-1979        7           1239419.38      1300247.59      2539666.97
1970-1979        8           1236294.74      1299059.82      2535354.56
1970-1979        9           1229701.33      1294114.22      2523815.56
1970-1979       10           1228314.57      1293820.44      2522135.01
1970-1979       11           1227446.34      1293043.69      2520490.03
1970-1979       12           1229796.72      1295627.76      2525424.48
1970-1979       13           1229483.19      1295748.17      2525231.36
1970-1979       14           1227461.05      1292872.32      2520333.36
1970-1979       15           1222006.43      1282742.66      2504749.09
1970-1979       16           1211308.70      1265445.32      2476754.02
1970-1979       17           1196462.78      1244148.99      2440611.77
1970-1979       18           1181622.74      1222858.96      2404481.70
1970-1979       19           1168812.53      1205233.02      2374045.55
1970-1979       20           1157170.93      1192998.36      2350169.29
1970-1979       21           1146372.41      1181302.57      2327674.98
1970-1979       22           1141511.18      1176102.43      2317613.61
1970-1979       23           1140138.65      1177019.89      2317158.54
1970-1979       24           1132711.21      1170023.44      2302734.66
1970-1979       25           1120002.27      1157859.20      2277861.47
1970-1979       26           1103090.97      1143282.75      2246373.72
1970-1979       27           1079246.15      1124430.77      2203676.92
1970-1979       28           1052874.20      1103078.16      2155952.36
1970-1979       29           1020895.20      1075619.30      2096514.49
1970-1979       30            988989.02      1046538.37      2035527.40
1970-1979       31            954468.57      1012947.51      1967416.07
1970-1979       32            918920.70       974893.35      1893814.05
1970-1979       33            881176.03       933566.73      1814742.75
1970-1979       34            851155.70       899927.51      1751083.21
1970-1979       35            828295.14       875648.29      1703943.43
1970-1979       36            808038.82       853534.34      1661573.15
1970-1979       37            789073.43       833996.99      1623070.42
1970-1979       38            776944.36       820993.12      1597937.48
1970-1979       39            767058.20       811434.99      1578493.19
1970-1979       40            761814.88       807135.03      1568949.92
1970-1979       41            752793.15       800799.24      1553592.39
1970-1979       42            750061.69       800010.09      1550071.78
1970-1979       43            748261.19       799697.26      1547958.44
1970-1979       44            748413.62       799025.31      1547438.94
1970-1979       45            754819.73       805917.13      1560736.87
1970-1979       46            761695.41       808828.86      1570524.27
1970-1979       47            766129.13       810927.89      1577057.02
1970-1979       48            769594.44       810541.55      1580135.98
1970-1979       49            767302.40       804801.10      1572103.50
1970-1979       50            762343.82       793313.88      1555657.70
1970-1979       51            744618.34       769578.31      1514196.65
1970-1979       52            729535.51       745910.05      1475445.56
1970-1979       53            713254.29       722112.93      1435367.22
1970-1979       54            697636.07       699804.70      1397440.77
1970-1979       55            682741.79       679578.79      1362320.58
1970-1979       56            670159.75       661103.41      1331263.16
1970-1979       57            653525.33       640413.74      1293939.07
1970-1979       58            636564.63       618224.49      1254789.13
1970-1979       59            617679.74       594548.90      1212228.64
1970-1979       60            607820.63       575274.72      1183095.35
1970-1979       61            592005.14       556684.56      1148689.70
1970-1979       62            579699.21       539699.52      1119398.73
1970-1979       63            562652.35       519344.03      1081996.38
1970-1979       64            542873.09       496453.37      1039326.46
1970-1979       65            521977.49       472219.61       994197.10
1970-1979       66            497039.19       445371.04       942410.23
1970-1979       67            473742.16       418887.89       892630.04
1970-1979       68            452672.67       392462.29       845134.96
1970-1979       69            428885.94       365076.08       793962.02
1970-1979       70            411774.45       339505.67       751280.12
1970-1979       71            390985.97       313383.73       704369.71
1970-1979       72            370087.51       286581.61       656669.12
1970-1979       73            349090.41       259914.56       609004.97
1970-1979       74            329140.58       234579.91       563720.49
1970-1979       75            309435.94       210919.59       520355.53
1970-1979       76            290226.24       188968.59       479194.83
1970-1979       77            271159.16       168517.88       439677.04
1970-1979       78            251654.99       149700.49       401355.48
1970-1979       79            228798.80       131079.45       359878.25
1970-1979       80            213604.76       116001.66       329606.42
1970-1979       81            194940.35       102362.89       297303.24
1970-1979       82            176317.74        89645.60       265963.33
1970-1979       83            156490.88        77085.36       233576.24
1970-1979       84            136327.55        65152.34       201479.89
1970-1979       85            116815.40        54312.38       171127.77
1970-1979       86             98422.61        44398.71       142821.32
1970-1979       87             81374.23        35418.19       116792.42
1970-1979       88             66297.51        27801.57        94099.07
1970-1979       89             52925.37        21306.93        74232.30
1970-1979       90             41390.40        15887.88        57278.28
1970-1979       91             31888.22        11688.69        43576.90
1970-1979       92             24018.84         8439.88        32458.72
1970-1979       93             17696.91         5903.89        23600.81
1970-1979       94             12734.24         4029.22        16763.45
1970-1979       95              8867.62         2698.86        11566.48
1970-1979       96              5997.98         1742.60         7740.58
1970-1979       97              3922.06         1093.63         5015.70
1970-1979       98              2478.19          687.12         3165.31
1970-1979       99              1514.53          412.65         1927.18
1970-1979      100               894.71          235.17         1129.88
1970-1979      101               519.32          137.04          656.36
1970-1979      102               293.27           82.65          375.92
1970-1979      103               152.75           49.53          202.28
1970-1979      104                70.58           25.40           95.98
1970-1979      105                31.88            9.32           41.21
1970-1979      106                14.31            3.70           18.00
1970-1979      107                 7.76            2.20            9.96
1970-1979      108                 5.21            1.50            6.71
1970-1979      109                 2.50            0.69            3.19
1970-1979      110+                0.34            0.00            0.34
1980-1989        0           1164228.59      1223968.18      2388196.77
1980-1989        1           1158001.17      1215904.58      2373905.76
1980-1989        2           1157461.78      1214859.54      2372321.32
1980-1989        3           1157476.86      1215131.01      2372607.88
1980-1989        4           1159922.66      1218054.47      2377977.13
1980-1989        5           1163942.14      1223138.59      2387080.74
1980-1989        6           1172542.45      1233558.21      2406100.66
1980-1989        7           1186358.24      1247296.00      2433654.24
1980-1989        8           1207090.20      1267738.12      2474828.32
1980-1989        9           1231705.63      1292459.58      2524165.21
1980-1989       10           1252152.29      1313288.39      2565440.68
1980-1989       11           1270309.12      1332190.51      2602499.62
1980-1989       12           1283660.25      1345656.51      2629316.76
1980-1989       13           1294082.08      1355915.42      2649997.50
1980-1989       14           1299870.50      1361730.85      2661601.36
1980-1989       15           1302732.92      1364505.43      2667238.35
1980-1989       16           1305211.25      1365701.81      2670913.06
1980-1989       17           1305646.49      1363659.81      2669306.30
1980-1989       18           1304449.16      1358254.72      2662703.87
1980-1989       19           1302490.69      1351668.50      2654159.19
1980-1989       20           1304617.24      1349428.64      2654045.88
1980-1989       21           1305578.82      1346900.32      2652479.13
1980-1989       22           1307217.71      1347635.89      2654853.60
1980-1989       23           1308323.83      1348500.24      2656824.07
1980-1989       24           1310199.65      1348661.08      2658860.73
1980-1989       25           1310912.30      1344591.29      2655503.60
1980-1989       26           1308826.49      1337464.30      2646290.79
1980-1989       27           1302663.29      1328134.91      2630798.21
1980-1989       28           1293725.20      1316138.80      2609864.00
1980-1989       29           1283212.47      1303109.44      2586321.91
1980-1989       30           1272006.68      1289850.84      2561857.52
1980-1989       31           1261467.37      1277168.27      2538635.64
1980-1989       32           1255610.92      1270781.47      2526392.39
1980-1989       33           1248158.13      1264831.65      2512989.78
1980-1989       34           1231718.68      1251098.11      2482816.79
1980-1989       35           1209920.96      1232643.63      2442564.58
1980-1989       36           1185030.13      1212369.11      2397399.24
1980-1989       37           1151864.78      1185179.90      2337044.69
1980-1989       38           1117697.29      1156086.59      2273783.88
1980-1989       39           1081265.73      1124790.50      2206056.23
1980-1989       40           1041155.06      1088218.95      2129374.02
1980-1989       41            999207.84      1047812.92      2047020.76
1980-1989       42            956804.69      1004194.70      1960999.38
1980-1989       43            912000.06       958363.32      1870363.38
1980-1989       44            872960.95       918390.99      1791351.93
1980-1989       45            839233.20       884674.73      1723907.92
1980-1989       46            811130.38       855686.94      1666817.32
1980-1989       47            787829.46       831996.52      1619825.98
1980-1989       48            772029.45       814985.68      1587015.13
1980-1989       49            761737.24       802497.01      1564234.24
1980-1989       50            753986.28       792138.39      1546124.67
1980-1989       51            746260.28       782898.15      1529158.43
1980-1989       52            742182.15       777055.69      1519237.84
1980-1989       53            738175.00       771465.45      1509640.45
1980-1989       54            735929.56       766618.95      1502548.51
1980-1989       55            736191.14       763646.03      1499837.16
1980-1989       56            739026.12       761716.78      1500742.90
1980-1989       57            740198.55       756284.28      1496482.83
1980-1989       58            741554.40       748525.28      1490079.69
1980-1989       59            739405.04       735798.11      1475203.15
1980-1989       60            732205.62       715919.59      1448125.21
1980-1989       61            717799.95       689787.29      1407587.24
1980-1989       62            701991.79       662610.55      1364602.34
1980-1989       63            684202.38       635000.65      1319203.03
1980-1989       64            665269.36       608222.74      1273492.11
1980-1989       65            645938.50       582929.95      1228868.45
1980-1989       66            626945.15       557791.25      1184736.39
1980-1989       67            605539.26       530814.96      1136354.22
1980-1989       68            583850.11       502713.10      1086563.21
1980-1989       69            561825.57       473958.87      1035784.44
1980-1989       70            541033.07       446563.30       987596.37
1980-1989       71            521747.26       421731.45       943478.71
1980-1989       72            501952.89       396341.59       898294.48
1980-1989       73            477692.76       368380.75       846073.52
1980-1989       74            450653.98       338930.72       789584.69
1980-1989       75            421295.27       308383.32       729678.59
1980-1989       76            390888.38       277540.15       668428.53
1980-1989       77            359857.75       247373.02       607230.76
1980-1989       78            331589.59       219476.85       551066.44
1980-1989       79            305347.99       193227.01       498575.00
1980-1989       80            279859.06       166837.42       446696.47
1980-1989       81            253515.34       143600.66       397116.00
1980-1989       82            227413.81       121945.32       349359.13
1980-1989       83            202426.78       102142.07       304568.85
1980-1989       84            178664.60        84579.89       263244.49
1980-1989       85            156193.36        69120.06       225313.42
1980-1989       86            135323.52        56074.86       191398.37
1980-1989       87            116005.00        44994.22       160999.22
1980-1989       88             98133.05        35760.03       133893.08
1980-1989       89             81475.45        27986.93       109462.38
1980-1989       90             66283.14        21469.08        87752.22
1980-1989       91             53351.38        16421.42        69772.80
1980-1989       92             42051.64        12330.59        54382.23
1980-1989       93             32181.91         9012.43        41194.33
1980-1989       94             23945.16         6439.21        30384.37
1980-1989       95             17368.82         4513.45        21882.27
1980-1989       96             12275.93         3063.22        15339.14
1980-1989       97              8411.72         2005.28        10417.00
1980-1989       98              5565.44         1268.35         6833.79
1980-1989       99              3575.75          763.50         4339.25
1980-1989      100              2218.95          445.98         2664.93
1980-1989      101              1347.21          261.53         1608.75
1980-1989      102               802.37          147.59          949.96
1980-1989      103               462.66           80.81          543.47
1980-1989      104               260.64           48.40          309.04
1980-1989      105               150.06           26.50          176.56
1980-1989      106                77.99           13.09           91.07
1980-1989      107                35.04            5.77           40.82
1980-1989      108                13.70            2.19           15.89
1980-1989      109                 4.40            1.50            5.90
1980-1989      110+                4.41            0.69            5.10
1990-1999        0           1244773.40      1311954.96      2556728.37
1990-1999        1           1247461.85      1314620.38      2562082.23
1990-1999        2           1250891.33      1317958.43      2568849.76
1990-1999        3           1253994.21      1320880.81      2574875.02
1990-1999        4           1257306.13      1324013.42      2581319.55
1990-1999        5           1259961.84      1325811.90      2585773.74
1990-1999        6           1261068.54      1326264.72      2587333.26
1990-1999        7           1261854.40      1326923.26      2588777.66
1990-1999        8           1259684.68      1324972.88      2584657.56
1990-1999        9           1255678.38      1320550.71      2576229.09
1990-1999       10           1250258.76      1315542.90      2565801.66
1990-1999       11           1246910.76      1311995.81      2558906.57
1990-1999       12           1246260.38      1311356.74      2557617.12
1990-1999       13           1243791.45      1309227.00      2553018.44
1990-1999       14           1242712.98      1308607.75      2551320.73
1990-1999       15           1244113.48      1309776.32      2553889.81
1990-1999       16           1251101.72      1316541.42      2567643.15
1990-1999       17           1263550.20      1328567.93      2592118.13
1990-1999       18           1283663.63      1347441.10      2631104.73
1990-1999       19           1314773.09      1373618.99      2688392.08
1990-1999       20           1339781.40      1391086.02      2730867.42
1990-1999       21           1358823.59      1401707.81      2760531.40
1990-1999       22           1366311.01      1404832.45      2771143.47
1990-1999       23           1372426.76      1406449.30      2778876.06
1990-1999       24           1378515.98      1405445.65      2783961.64
1990-1999       25           1387047.84      1404913.76      2791961.60
1990-1999       26           1396824.51      1406567.91      2803392.42
1990-1999       27           1405013.42      1408439.84      2813453.26
1990-1999       28           1410982.11      1411016.39      2821998.51
1990-1999       29           1415019.64      1412908.09      2827927.73
1990-1999       30           1423695.35      1421307.81      2845003.16
1990-1999       31           1428306.86      1426257.99      2854564.85
1990-1999       32           1433966.20      1430288.16      2864254.36
1990-1999       33           1438388.63      1434001.02      2872389.65
1990-1999       34           1440692.80      1435944.91      2876637.71
1990-1999       35           1437895.16      1432340.70      2870235.87
1990-1999       36           1428525.66      1422586.31      2851111.97
1990-1999       37           1413734.35      1407584.39      2821318.74
1990-1999       38           1396754.61      1390685.30      2787439.91
1990-1999       39           1381021.03      1375889.32      2756910.35
1990-1999       40           1363789.74      1360871.70      2724661.44
1990-1999       41           1345667.20      1346553.12      2692220.31
1990-1999       42           1330895.74      1336677.99      2667573.73
1990-1999       43           1312637.46      1324097.65      2636735.11
1990-1999       44           1285908.53      1302351.19      2588259.72
1990-1999       45           1255394.10      1276962.59      2532356.70
1990-1999       46           1220077.07      1246619.26      2466696.33
1990-1999       47           1179092.23      1210278.03      2389370.26
1990-1999       48           1137316.14      1172516.74      2309832.89
1990-1999       49           1094621.76      1133872.22      2228493.98
1990-1999       50           1049295.44      1091225.16      2140520.59
1990-1999       51           1003859.51      1046903.93      2050763.44
1990-1999       52            957339.61       998921.30      1956260.90
1990-1999       53            911519.21       950306.14      1861825.35
1990-1999       54            872547.53       907317.91      1779865.44
1990-1999       55            838241.88       868981.58      1707223.46
1990-1999       56            808750.05       835423.98      1644174.03
1990-1999       57            784034.10       806736.15      1590770.25
1990-1999       58            765286.83       782985.49      1548272.32
1990-1999       59            752626.46       764484.49      1517110.95
1990-1999       60            742774.79       749325.15      1492099.94
1990-1999       61            734558.88       736758.93      1471317.81
1990-1999       62            728519.22       725268.23      1453787.46
1990-1999       63            723513.12       714106.19      1437619.31
1990-1999       64            718842.39       703126.30      1421968.68
1990-1999       65            714380.71       691473.80      1405854.51
1990-1999       66            709839.06       677411.30      1387250.36
1990-1999       67            703383.40       661126.64      1364510.04
1990-1999       68            695118.55       641188.13      1336306.68
1990-1999       69            683897.78       617713.83      1301611.61
1990-1999       70            667360.29       589042.71      1256402.99
1990-1999       71            645321.23       555931.04      1201252.27
1990-1999       72            621403.38       521063.91      1142467.29
1990-1999       73            595796.60       486070.29      1081866.89
1990-1999       74            568963.46       451601.91      1020565.37
1990-1999       75            541884.98       418190.69       960075.67
1990-1999       76            514372.98       384956.00       899328.97
1990-1999       77            483620.69       350445.89       834066.58
1990-1999       78            451429.04       315647.63       767076.67
1990-1999       79            418862.08       281735.06       700597.14
1990-1999       80            390691.08       247521.08       638212.16
1990-1999       81            362184.47       220551.37       582735.84
1990-1999       82            333066.33       193842.30       526908.63
1990-1999       83            302044.38       167479.52       469523.90
1990-1999       84            269871.31       142366.91       412238.21
1990-1999       85            237292.27       118768.19       356060.45
1990-1999       86            204989.30        97372.36       302361.66
1990-1999       87            174661.37        78258.61       252919.97
1990-1999       88            147286.02        61903.34       209189.36
1990-1999       89            122873.59        48556.21       171429.80
1990-1999       90            100814.30        37006.68       137820.98
1990-1999       91             80834.53        27506.04       108340.57
1990-1999       92             63268.90        20018.00        83286.90
1990-1999       93             48754.59        14191.13        62945.72
1990-1999       94             36842.79         9826.17        46668.96
1990-1999       95             27140.88         6693.19        33834.07
1990-1999       96             19536.34         4439.48        23975.81
1990-1999       97             13746.65         2872.58        16619.23
1990-1999       98              9391.42         1798.91        11190.33
1990-1999       99              6288.86         1125.05         7413.90
1990-1999      100              4200.78          714.93         4915.71
1990-1999      101              2679.58          435.31         3114.88
1990-1999      102              1639.61          254.78         1894.39
1990-1999      103               953.10          141.94         1095.04
1990-1999      104               529.91           74.56          604.46
1990-1999      105               276.23           41.65          317.88
1990-1999      106               132.76           21.57          154.33
1990-1999      107                64.63            7.79           72.41
1990-1999      108                26.67            1.51           28.18
1990-1999      109                10.49            0.00           10.49
1990-1999      110+                4.34            0.00            4.34
2000-2009        0           1288512.69      1359147.27      2647659.96
2000-2009        1           1274836.53      1343495.59      2618332.12
2000-2009        2           1268419.74      1336823.83      2605243.58
2000-2009        3           1266560.55      1334620.65      2601181.20
2000-2009        4           1270069.93      1337457.57      2607527.50
2000-2009        5           1278867.94      1346619.36      2625487.30
2000-2009        6           1288139.05      1356334.44      2644473.49
2000-2009        7           1298432.46      1367262.27      2665694.73
2000-2009        8           1308754.37      1378070.11      2686824.48
2000-2009        9           1319151.40      1389071.41      2708222.81
2000-2009       10           1327084.58      1398034.04      2725118.63
2000-2009       11           1331882.78      1403181.11      2735063.89
2000-2009       12           1335529.32      1406527.12      2742056.44
2000-2009       13           1337988.69      1409509.99      2747498.69
2000-2009       14           1339497.85      1411079.14      2750576.99
2000-2009       15           1339538.46      1409436.12      2748974.58
2000-2009       16           1340712.63      1407937.75      2748650.38
2000-2009       17           1346927.85      1410862.10      2757789.95
2000-2009       18           1356935.00      1419977.06      2776912.06
2000-2009       19           1368092.95      1430971.23      2799064.18
2000-2009       20           1374781.23      1434378.74      2809159.97
2000-2009       21           1378454.37      1435026.76      2813481.13
2000-2009       22           1380214.20      1435615.35      2815829.55
2000-2009       23           1382469.86      1436938.48      2819408.35
2000-2009       24           1383089.74      1433026.80      2816116.54
2000-2009       25           1383958.04      1424221.78      2808179.82
2000-2009       26           1389745.95      1417132.74      2806878.69
2000-2009       27           1400353.32      1414862.43      2815215.74
2000-2009       28           1418234.77      1421046.70      2839281.47
2000-2009       29           1441877.19      1436188.86      2878066.05
2000-2009       30           1461240.61      1450063.88      2911304.49
2000-2009       31           1476703.90      1461562.45      2938266.35
2000-2009       32           1487209.73      1469638.09      2956847.82
2000-2009       33           1495731.11      1476449.57      2972180.68
2000-2009       34           1502908.84      1482640.91      2985549.76
2000-2009       35           1510462.94      1489387.51      2999850.44
2000-2009       36           1518667.54      1497388.99      3016056.53
2000-2009       37           1522516.19      1502049.83      3024566.02
2000-2009       38           1521660.35      1503146.67      3024807.02
2000-2009       39           1516560.59      1498855.96      3015416.55
2000-2009       40           1516571.32      1498501.17      3015072.49
2000-2009       41           1515230.82      1496369.82      3011600.64
2000-2009       42           1515105.08      1494356.77      3009461.84
2000-2009       43           1511177.64      1488201.63      2999379.27
2000-2009       44           1504419.47      1480231.61      2984651.07
2000-2009       45           1494090.51      1469036.61      2963127.12
2000-2009       46           1477191.56      1452414.37      2929605.93
2000-2009       47           1453693.44      1430853.83      2884547.26
2000-2009       48           1428757.37      1408017.60      2836774.97
2000-2009       49           1405181.61      1386546.53      2791728.14
2000-2009       50           1381635.98      1365537.84      2747173.81
2000-2009       51           1358341.97      1346060.72      2704402.69
2000-2009       52           1337435.12      1329959.33      2667394.45
2000-2009       53           1314117.19      1311064.69      2625181.88
2000-2009       54           1282273.24      1282659.49      2564932.73
2000-2009       55           1245057.45      1249712.35      2494769.80
2000-2009       56           1205067.44      1213715.89      2418783.33
2000-2009       57           1161411.85      1173219.64      2334631.49
2000-2009       58           1117462.54      1131398.49      2248861.03
2000-2009       59           1073616.61      1088906.65      2162523.26
2000-2009       60           1029632.21      1044828.06      2074460.27
2000-2009       61            986496.86       999196.75      1985693.61
2000-2009       62            940591.77       949673.53      1890265.31
2000-2009       63            894582.80       899042.78      1793625.59
2000-2009       64            855058.08       854112.63      1709170.71
2000-2009       65            819868.73       812542.41      1632411.14
2000-2009       66            786112.85       773452.81      1559565.66
2000-2009       67            756877.16       739236.60      1496113.76
2000-2009       68            732031.99       708675.69      1440707.68
2000-2009       69            711665.40       682216.38      1393881.78
2000-2009       70            693175.54       657610.97      1350786.51
2000-2009       71            676140.69       633981.81      1310122.50
2000-2009       72            661866.41       611035.68      1272902.09
2000-2009       73            648199.77       587358.67      1235558.43
2000-2009       74            634857.57       563417.62      1198275.19
2000-2009       75            621481.20       538686.79      1160167.99
2000-2009       76            607095.18       512392.42      1119487.60
2000-2009       77            590017.33       483568.53      1073585.86
2000-2009       78            571066.88       453269.53      1024336.40
2000-2009       79            548580.56       419807.93       968388.48
2000-2009       80            516469.61       376389.15       892858.75
2000-2009       81            482374.75       336319.38       818694.13
2000-2009       82            446410.22       297137.62       743547.84
2000-2009       83            410262.91       260114.89       670377.79
2000-2009       84            373260.44       224956.08       598216.52
2000-2009       85            336969.26       192111.01       529080.27
2000-2009       86            300732.88       162040.08       462772.97
2000-2009       87            263647.17       134143.07       397790.24
2000-2009       88            227224.32       108779.15       336003.46
2000-2009       89            192271.89        86166.83       278438.72
2000-2009       90            160918.52        67253.57       228172.09
2000-2009       91            133221.98        52193.01       185414.99
2000-2009       92            107494.36        39355.54       146849.89
2000-2009       93             84201.02        28685.84       112886.86
2000-2009       94             64148.45        20369.27        84517.72
2000-2009       95             47458.94        13890.52        61349.46
2000-2009       96             33998.75         9168.10        43166.85
2000-2009       97             23743.84         5885.48        29629.31
2000-2009       98             16019.29         3674.71        19694.00
2000-2009       99             10610.59         2269.37        12879.96
2000-2009      100              6811.96         1362.89         8174.84
2000-2009      101              4169.08          776.53         4945.61
2000-2009      102              2471.15          430.26         2901.41
2000-2009      103              1418.47          231.81         1650.27
2000-2009      104               782.76          118.71          901.47
2000-2009      105               417.49           57.18          474.66
2000-2009      106               214.87           25.19          240.06
2000-2009      107               105.65            8.67          114.33
2000-2009      108                48.95            1.40           50.35
2000-2009      109                20.10            0.00           20.10
2000-2009      110+                6.15            0.00            6.15
2010-2019        0           1481454.39      1566979.54      3048433.94
2010-2019        1           1484310.26      1567938.03      3052248.29
2010-2019        2           1489691.67      1572112.09      3061803.76
2010-2019        3           1492004.00      1574275.57      3066279.56
2010-2019        4           1488962.98      1571318.37      3060281.34
2010-2019        5           1485874.23      1568724.00      3054598.23
2010-2019        6           1478154.83      1560386.10      3038540.93
2010-2019        7           1464219.88      1544823.81      3009043.69
2010-2019        8           1450933.95      1530328.46      2981262.41
2010-2019        9           1437073.57      1516057.64      2953131.21
2010-2019       10           1421569.33      1499819.46      2921388.78
2010-2019       11           1407107.35      1485028.82      2892136.17
2010-2019       12           1394429.29      1472259.54      2866688.84
2010-2019       13           1383600.87      1460951.24      2844552.10
2010-2019       14           1379611.95      1456450.20      2836062.14
2010-2019       15           1386105.45      1462482.74      2848588.20
2010-2019       16           1398237.43      1474177.85      2872415.28
2010-2019       17           1416595.46      1492042.72      2908638.17
2010-2019       18           1455208.18      1533296.82      2988505.00
2010-2019       19           1508804.02      1592304.47      3101108.48
2010-2019       20           1552788.02      1635461.66      3188249.68
2010-2019       21           1588053.52      1667272.34      3255325.87
2010-2019       22           1626166.48      1704693.18      3330859.66
2010-2019       23           1680909.93      1752622.72      3433532.65
2010-2019       24           1712353.69      1779401.67      3491755.36
2010-2019       25           1729962.96      1783829.36      3513792.32
2010-2019       26           1747239.13      1782799.21      3530038.34
2010-2019       27           1762475.84      1782246.21      3544722.05
2010-2019       28           1769675.40      1777765.11      3547440.50
2010-2019       29           1766523.64      1766971.59      3533495.23
2010-2019       30           1755847.16      1750519.96      3506367.12
2010-2019       31           1737375.43      1729444.97      3466820.40
2010-2019       32           1716007.17      1707516.95      3423524.12
2010-2019       33           1692298.61      1684112.18      3376410.79
2010-2019       34           1669304.99      1661622.28      3330927.27
2010-2019       35           1647051.46      1639409.53      3286460.98
2010-2019       36           1629894.56      1621477.64      3251372.20
2010-2019       37           1618631.28      1606958.28      3225589.56
2010-2019       38           1617015.27      1601327.87      3218343.14
2010-2019       39           1623472.94      1604444.80      3227917.73
2010-2019       40           1628045.82      1606044.29      3234090.11
2010-2019       41           1632585.18      1608116.46      3240701.63
2010-2019       42           1633548.46      1605961.60      3239510.06
2010-2019       43           1633113.59      1601979.46      3235093.05
2010-2019       44           1630344.06      1594229.21      3224573.27
2010-2019       45           1626814.45      1585955.24      3212769.69
2010-2019       46           1623097.70      1578398.48      3201496.18
2010-2019       47           1615356.95      1569006.83      3184363.79
2010-2019       48           1602488.33      1556851.21      3159339.54
2010-2019       49           1584651.79      1540751.51      3125403.30
2010-2019       50           1572744.54      1530708.09      3103452.63
2010-2019       51           1559596.64      1519534.99      3079131.64
2010-2019       52           1550428.17      1511569.21      3061997.38
2010-2019       53           1539715.08      1501806.76      3041521.84
2010-2019       54           1527881.69      1489882.17      3017763.86
2010-2019       55           1511300.37      1471350.66      2982651.03
2010-2019       56           1487628.79      1445569.87      2933198.66
2010-2019       57           1458421.61      1413909.09      2872330.71
2010-2019       58           1425876.57      1379641.32      2805517.89
2010-2019       59           1393243.47      1345943.42      2739186.89
2010-2019       60           1361481.15      1314446.14      2675927.28
2010-2019       61           1330849.37      1285247.99      2616097.36
2010-2019       62           1303763.63      1261060.98      2564824.61
2010-2019       63           1277392.55      1238540.35      2515932.89
2010-2019       64           1245024.88      1210184.18      2455209.06
2010-2019       65           1207971.36      1176099.40      2384070.76
2010-2019       66           1167990.35      1138034.02      2306024.37
2010-2019       67           1124021.99      1095379.54      2219401.53
2010-2019       68           1077422.07      1049781.21      2127203.27
2010-2019       69           1028623.08      1001197.09      2029820.18
2010-2019       70            978355.14       950453.15      1928808.29
2010-2019       71            927002.59       897104.58      1824107.16
2010-2019       72            872897.14       839206.19      1712103.33
2010-2019       73            819176.32       780405.79      1599582.11
2010-2019       74            773171.68       727122.14      1500293.82
2010-2019       75            732760.69       677826.93      1410587.62
2010-2019       76            694487.70       631410.52      1325898.22
2010-2019       77            659989.78       588665.67      1248655.45
2010-2019       78            627971.89       548102.96      1176074.85
2010-2019       79            598925.18       510500.28      1109425.46
2010-2019       80            569823.29       474550.73      1044374.02
2010-2019       81            540233.62       438780.02       979013.64
2010-2019       82            511027.82       403310.43       914338.25
2010-2019       83            481371.52       367461.28       848832.80
2010-2019       84            451722.94       332404.00       784126.94
2010-2019       85            421395.38       297336.54       718731.92
2010-2019       86            388985.52       262026.43       651011.96
2010-2019       87            354979.91       227218.26       582198.18
2010-2019       88            319029.14       193413.74       512442.89
2010-2019       89            281297.82       160522.63       441820.45
2010-2019       90            241402.00       129334.50       370736.50
2010-2019       91            201495.20       100987.63       302482.82
2010-2019       92            164341.30        76525.84       240867.14
2010-2019       93            131161.16        56636.58       187797.73
2010-2019       94            101755.28        40785.45       142540.72
2010-2019       95             76874.40        28341.10       105215.49
2010-2019       96             56184.51        19080.59        75265.09
2010-2019       97             39788.91        12360.89        52149.80
2010-2019       98             27209.21         7710.51        34919.73
2010-2019       99             18090.55         4599.34        22689.89
2010-2019      100             11675.28         2696.74        14372.01
2010-2019      101              7139.63         1520.19         8659.83
2010-2019      102              4165.99          824.22         4990.21
2010-2019      103              2321.82          427.67         2749.49
2010-2019      104              1244.15          212.44         1456.59
2010-2019      105               640.55          100.74          741.29
2010-2019      106               316.05           44.41          360.46
2010-2019      107               148.86           17.35          166.21
2010-2019      108                66.11            4.79           70.89
2010-2019      109                26.73            0.22           26.95
2010-2019      110+                9.51            0.00            9.51
