The United States of America, Exposure to risk (period 1x10), 	Last modified: 15 Mar 2023;  Methods Protocol: v6 (2017)

  Year          Age             Female            Male           Total
1933-1939        0           6775403.24      7029634.64     13805037.88
1933-1939        1           6766435.67      6945961.13     13712396.80
1933-1939        2           7240102.76      7408765.98     14648868.74
1933-1939        3           7344463.97      7523792.45     14868256.42
1933-1939        4           7407868.84      7590013.87     14997882.71
1933-1939        5           7650418.59      7928973.65     15579392.24
1933-1939        6           7799558.08      8089636.18     15889194.26
1933-1939        7           7938304.94      8230316.58     16168621.52
1933-1939        8           8073514.17      8355805.22     16429319.38
1933-1939        9           8200065.35      8460174.94     16660240.29
1933-1939       10           8328541.49      8560095.72     16888637.20
1933-1939       11           8448014.65      8646350.14     17094364.79
1933-1939       12           8530597.03      8695894.14     17226491.17
1933-1939       13           8567404.61      8698559.10     17265963.71
1933-1939       14           8565247.13      8660218.38     17225465.51
1933-1939       15           8529111.73      8584993.09     17114104.81
1933-1939       16           8468977.27      8481277.51     16950254.77
1933-1939       17           8392707.07      8358001.95     16750709.02
1933-1939       18           8313082.64      8229129.64     16542212.27
1933-1939       19           8239938.25      8112050.38     16351988.63
1933-1939       20           8174305.60      8011016.29     16185321.90
1933-1939       21           8113712.90      7924022.75     16037735.64
1933-1939       22           8053029.98      7845564.83     15898594.80
1933-1939       23           7985810.40      7766642.34     15752452.75
1933-1939       24           7907088.69      7680235.03     15587323.71
1933-1939       25           7814024.38      7583953.35     15397977.74
1933-1939       26           7704179.42      7477353.14     15181532.56
1933-1939       27           7579819.23      7363010.73     14942829.96
1933-1939       28           7446811.77      7245950.34     14692762.11
1933-1939       29           7311496.59      7130721.21     14442217.80
1933-1939       30           7178189.32      7019248.75     14197438.07
1933-1939       31           7050705.31      6913280.63     13963985.94
1933-1939       32           6929347.25      6812478.68     13741825.93
1933-1939       33           6810727.80      6714577.27     13525305.07
1933-1939       34           6691363.82      6617922.28     13309286.10
1933-1939       35           6574012.12      6526401.11     13100413.23
1933-1939       36           6464162.72      6446081.53     12910244.25
1933-1939       37           6367533.18      6382325.00     12749858.18
1933-1939       38           6286395.47      6336278.41     12622673.88
1933-1939       39           6219757.65      6304989.38     12524747.03
1933-1939       40           6159860.53      6281909.11     12441769.64
1933-1939       41           6094363.95      6252525.51     12346889.46
1933-1939       42           6011645.34      6206050.73     12217696.07
1933-1939       43           5906208.69      6136668.38     12042877.07
1933-1939       44           5777483.73      6043555.55     11821039.28
1933-1939       45           5629728.40      5929463.87     11559192.27
1933-1939       46           5470705.07      5800595.12     11271300.19
1933-1939       47           5307480.39      5661712.53     10969192.91
1933-1939       48           5144179.75      5515461.73     10659641.48
1933-1939       49           4981823.94      5362102.10     10343926.04
1933-1939       50           4819107.27      5200023.89     10019131.17
1933-1939       51           4655291.53      5029498.98      9684790.50
1933-1939       52           4490542.12      4851803.13      9342345.25
1933-1939       53           4327252.01      4671358.04      8998610.05
1933-1939       54           4168307.05      4492601.83      8660908.88
1933-1939       55           4015278.85      4317502.48      8332781.33
1933-1939       56           3867614.85      4145789.58      8013404.43
1933-1939       57           3723957.31      3976360.40      7700317.71
1933-1939       58           3581587.15      3807156.57      7388743.72
1933-1939       59           3438557.75      3636968.88      7075526.62
1933-1939       60           3296087.47      3468256.16      6764343.62
1933-1939       61           3155763.99      3303417.05      6459181.04
1933-1939       62           3018769.89      3144385.16      6163155.04
1933-1939       63           2884182.85      2990136.24      5874319.08
1933-1939       64           2750264.02      2838530.07      5588794.09
1933-1939       65           2614132.39      2686595.91      5300728.30
1933-1939       66           2473084.09      2531289.67      5004373.76
1933-1939       67           2326375.84      2371378.00      4697753.84
1933-1939       68           2176577.49      2208504.01      4385081.50
1933-1939       69           2026089.42      2045292.74      4071382.16
1933-1939       70           1877414.93      1883781.41      3761196.34
1933-1939       71           1733745.78      1727449.21      3461194.99
1933-1939       72           1596150.56      1577941.11      3174091.67
1933-1939       73           1465058.91      1436305.44      2901364.35
1933-1939       74           1340957.04      1303300.64      2644257.68
1933-1939       75           1246918.64      1199321.46      2446240.09
1933-1939       76           1131114.72      1076697.76      2207812.48
1933-1939       77           1015529.82       955729.25      1971259.07
1933-1939       78            900428.21       837024.52      1737452.72
1933-1939       79            788266.38       722904.76      1511171.15
1933-1939       80            710942.18       625685.39      1336627.56
1933-1939       81            609164.41       527048.02      1136212.43
1933-1939       82            516657.68       438576.90       955234.58
1933-1939       83            433573.20       360463.20       794036.40
1933-1939       84            360054.87       292643.30       652698.17
1933-1939       85            295830.22       234604.35       530434.56
1933-1939       86            240567.48       185961.91       426529.39
1933-1939       87            193221.48       145485.18       338706.66
1933-1939       88            153041.38       112159.56       265200.94
1933-1939       89            119370.58        85066.02       204436.60
1933-1939       90             91584.60        63398.94       154983.54
1933-1939       91             69424.93        46679.56       116104.49
1933-1939       92             52038.08        34035.78        86073.87
1933-1939       93             38648.20        24702.52        63350.71
1933-1939       94             28506.60        17899.51        46406.10
1933-1939       95             20859.82        12877.64        33737.46
1933-1939       96             15235.09         9212.56        24447.65
1933-1939       97             11166.59         6578.70        17745.29
1933-1939       98              8263.74         4752.84        13016.58
1933-1939       99              6162.08         3480.82         9642.91
1933-1939      100              4406.20         2437.08         6843.27
1933-1939      101              3009.42         1621.17         4630.59
1933-1939      102              2025.73         1066.13         3091.85
1933-1939      103              1348.12          694.52         2042.64
1933-1939      104               888.75          448.04         1336.79
1933-1939      105               577.07          284.23          861.30
1933-1939      106               366.63          176.42          543.05
1933-1939      107               228.08          107.58          335.66
1933-1939      108               139.75           63.61          203.36
1933-1939      109                84.38           35.28          119.66
1933-1939      110+              103.06           31.63          134.68
1940-1949        0          12924098.68     13543279.43     26467378.11
1940-1949        1          12658410.00     13158572.61     25816982.61
1940-1949        2          12980843.98     13389821.42     26370665.40
1940-1949        3          12447107.08     12821490.71     25268597.79
1940-1949        4          12082391.24     12498230.05     24580621.28
1940-1949        5          11605930.79     11988441.85     23594372.64
1940-1949        6          11251202.17     11603544.28     22854746.45
1940-1949        7          10871093.66     11194086.85     22065180.51
1940-1949        8          10623394.77     10917945.41     21541340.18
1940-1949        9          10481711.75     10776882.66     21258594.41
1940-1949       10          10680322.67     11073719.76     21754042.43
1940-1949       11          10741050.69     11144828.90     21885879.59
1940-1949       12          10857541.58     11257066.14     22114607.72
1940-1949       13          11033615.16     11419587.32     22453202.48
1940-1949       14          11238541.16     11588836.00     22827377.15
1940-1949       15          11410645.54     11632985.34     23043630.87
1940-1949       16          11559598.35     11699208.80     23258807.15
1940-1949       17          11693543.26     11754041.46     23447584.73
1940-1949       18          11789357.29     10376669.74     22166027.03
1940-1949       19          11833100.01     10126440.51     21959540.51
1940-1949       20          11814581.80     10115944.21     21930526.01
1940-1949       21          11885582.63     10219931.34     22105513.97
1940-1949       22          11932098.54     10320111.11     22252209.65
1940-1949       23          11967630.10     10428620.05     22396250.15
1940-1949       24          11990836.09     10541379.51     22532215.60
1940-1949       25          12067922.51     10674910.59     22742833.10
1940-1949       26          11999899.51     10689459.40     22689358.91
1940-1949       27          11888471.06     10658237.27     22546708.33
1940-1949       28          11740039.86     10587409.70     22327449.56
1940-1949       29          11580014.97     10504123.04     22084138.01
1940-1949       30          11326949.70     10358179.57     21685129.27
1940-1949       31          11156674.38     10278402.06     21435076.44
1940-1949       32          11006094.70     10206181.22     21212275.92
1940-1949       33          10871516.05     10139735.95     21011252.00
1940-1949       34          10738615.98     10062145.80     20800761.78
1940-1949       35          10677806.77     10021668.67     20699475.45
1940-1949       36          10559861.08      9968633.87     20528494.95
1940-1949       37          10417955.48      9898156.00     20316111.48
1940-1949       38          10261185.00      9818434.32     20079619.33
1940-1949       39          10094812.90      9732859.04     19827671.93
1940-1949       40           9866345.15      9619261.89     19485607.04
1940-1949       41           9637965.52      9487517.15     19125482.67
1940-1949       42           9427968.26      9353281.18     18781249.44
1940-1949       43           9236895.56      9220408.30     18457303.86
1940-1949       44           9065418.29      9092223.63     18157641.92
1940-1949       45           8939552.14      8985849.38     17925401.51
1940-1949       46           8796875.20      8866236.77     17663111.96
1940-1949       47           8655798.56      8753962.76     17409761.32
1940-1949       48           8505706.40      8639197.45     17144903.84
1940-1949       49           8337730.79      8512493.61     16850224.40
1940-1949       50           8107509.62      8331302.85     16438812.47
1940-1949       51           7873703.21      8121219.36     15994922.57
1940-1949       52           7632697.67      7897708.96     15530406.63
1940-1949       53           7386258.28      7658117.41     15044375.68
1940-1949       54           7135766.95      7402939.23     14538706.18
1940-1949       55           6890843.62      7123745.06     14014588.68
1940-1949       56           6646489.93      6868170.46     13514660.39
1940-1949       57           6395114.09      6602892.47     12998006.56
1940-1949       58           6142384.56      6333587.19     12475971.75
1940-1949       59           5890247.51      6061725.77     11951973.28
1940-1949       60           5678399.34      5837751.33     11516150.67
1940-1949       61           5511601.59      5633966.82     11145568.41
1940-1949       62           5346866.74      5423742.22     10770608.96
1940-1949       63           5180284.94      5207872.05     10388156.99
1940-1949       64           5010154.91      4988247.85      9998402.76
1940-1949       65           4832770.02      4758751.61      9591521.63
1940-1949       66           4606575.16      4499699.50      9106274.66
1940-1949       67           4372002.51      4241187.76      8613190.27
1940-1949       68           4130110.32      3982377.56      8112487.88
1940-1949       69           3885555.39      3726737.02      7612292.41
1940-1949       70           3599126.56      3445750.42      7044876.99
1940-1949       71           3304863.68      3152082.85      6456946.53
1940-1949       72           3024094.06      2870216.47      5894310.53
1940-1949       73           2755626.96      2599207.42      5354834.38
1940-1949       74           2495800.57      2336411.60      4832212.17
1940-1949       75           2260427.48      2084869.09      4345296.57
1940-1949       76           2056715.98      1869485.62      3926201.60
1940-1949       77           1857525.27      1663193.86      3520719.13
1940-1949       78           1664171.18      1467411.13      3131582.31
1940-1949       79           1477059.88      1282683.26      2759743.14
1940-1949       80           1363433.48      1128309.01      2491742.48
1940-1949       81           1184969.59       964852.62      2149822.21
1940-1949       82           1019210.79       815877.00      1835087.78
1940-1949       83            865750.37       680324.80      1546075.17
1940-1949       84            726451.91       559423.10      1285875.00
1940-1949       85            602472.56       454018.53      1056491.09
1940-1949       86            493527.75       363641.52       857169.26
1940-1949       87            397451.00       285774.90       683225.90
1940-1949       88            313154.30       219337.88       532492.18
1940-1949       89            241040.02       164222.86       405262.88
1940-1949       90            182040.15       120411.14       302451.29
1940-1949       91            136148.40        87416.14       223564.54
1940-1949       92            100776.22        62980.82       163757.04
1940-1949       93             73709.49        45148.38       118857.87
1940-1949       94             53359.81        32290.43        85650.24
1940-1949       95             38291.97        22945.76        61237.73
1940-1949       96             27435.55        16266.57        43702.11
1940-1949       97             19704.89        11559.62        31264.51
1940-1949       98             14278.77         8299.75        22578.52
1940-1949       99             10366.19         5966.55        16332.74
1940-1949      100              7170.39         4096.20        11266.59
1940-1949      101              4768.27         2706.87         7475.14
1940-1949      102              3156.19         1778.83         4935.02
1940-1949      103              2070.89         1160.38         3231.27
1940-1949      104              1343.69          748.86         2092.54
1940-1949      105               863.36          479.52         1342.88
1940-1949      106               552.02          305.24          857.25
1940-1949      107               355.63          192.90          548.53
1940-1949      108               232.55          121.98          354.53
1940-1949      109               153.28           77.14          230.42
1940-1949      110+              338.98          142.66          481.64
1950-1959        0          18117181.88     18778848.48     36896030.36
1950-1959        1          18034820.81     18758709.75     36793530.56
1950-1959        2          18169348.08     18785945.81     36955293.89
1950-1959        3          18050556.26     18651684.66     36702240.92
1950-1959        4          17459941.46     18166940.61     35626882.07
1950-1959        5          16796389.94     17405370.19     34201760.13
1950-1959        6          16252764.10     16820888.56     33073652.66
1950-1959        7          15897758.34     16527250.38     32425008.73
1950-1959        8          15270471.73     15821816.42     31092288.14
1950-1959        9          14708877.48     15257100.23     29965977.71
1950-1959       10          14328911.11     14894848.93     29223760.04
1950-1959       11          13775552.16     14303295.60     28078847.76
1950-1959       12          13191476.35     13684221.44     26875697.79
1950-1959       13          12434760.01     12858409.24     25293169.24
1950-1959       14          12234375.18     12625080.00     24859455.18
1950-1959       15          11787893.19     12017441.22     23805334.41
1950-1959       16          11414288.60     11612857.80     23027146.40
1950-1959       17          11092140.64     11264521.44     22356662.08
1950-1959       18          10898053.94     10488349.47     21386403.41
1950-1959       19          10703166.14     10150366.91     20853533.05
1950-1959       20          10737837.40      9857984.16     20595821.55
1950-1959       21          10874483.11      9797177.44     20671660.55
1950-1959       22          10881427.00      9713426.64     20594853.64
1950-1959       23          11180709.67     10154793.71     21335503.37
1950-1959       24          11327459.35     10445366.35     21772825.70
1950-1959       25          11397854.51     10723473.58     22121328.10
1950-1959       26          11844093.01     11327085.57     23171178.59
1950-1959       27          12199626.52     11770059.73     23969686.26
1950-1959       28          12007082.47     11475950.11     23483032.58
1950-1959       29          12136156.16     11529632.46     23665788.62
1950-1959       30          12329702.92     11719618.38     24049321.30
1950-1959       31          12380111.53     11834432.38     24214543.91
1950-1959       32          12194890.54     11571383.00     23766273.54
1950-1959       33          12352687.45     11733849.53     24086536.98
1950-1959       34          12400302.73     11815554.84     24215857.57
1950-1959       35          12228194.75     11650634.77     23878829.52
1950-1959       36          12219825.03     11657910.47     23877735.50
1950-1959       37          12199120.46     11682680.73     23881801.19
1950-1959       38          11876013.58     11368290.03     23244303.61
1950-1959       39          11633927.32     11197102.35     22831029.67
1950-1959       40          11443279.72     11037455.77     22480735.49
1950-1959       41          11261328.63     10939468.11     22200796.74
1950-1959       42          11010954.44     10704388.26     21715342.70
1950-1959       43          10858399.81     10572173.49     21430573.30
1950-1959       44          10709346.13     10448730.08     21158076.21
1950-1959       45          10541272.51     10285539.08     20826811.59
1950-1959       46          10277874.09     10043676.43     20321550.52
1950-1959       47          10071792.53      9860016.80     19931809.33
1950-1959       48           9936142.81      9762208.91     19698351.72
1950-1959       49           9549488.65      9396770.72     18946259.37
1950-1959       50           9264841.78      9115018.26     18379860.04
1950-1959       51           9060327.59      8911732.36     17972059.95
1950-1959       52           8838750.06      8704587.03     17543337.09
1950-1959       53           8548461.40      8424201.75     16972663.15
1950-1959       54           8307132.59      8184349.28     16491481.87
1950-1959       55           8163691.21      8021743.65     16185434.86
1950-1959       56           7962657.49      7804052.25     15766709.74
1950-1959       57           7798065.85      7619229.94     15417295.78
1950-1959       58           7743462.71      7552412.10     15295874.81
1950-1959       59           7531615.57      7309509.02     14841124.59
1950-1959       60           7218951.81      6972389.09     14191340.90
1950-1959       61           7013039.68      6745099.96     13758139.63
1950-1959       62           6856103.35      6557527.70     13413631.04
1950-1959       63           6652801.67      6312262.49     12965064.17
1950-1959       64           6436325.32      6058410.74     12494736.06
1950-1959       65           6263959.10      5843660.64     12107619.74
1950-1959       66           6095340.39      5620661.12     11716001.51
1950-1959       67           5894002.41      5385200.99     11279203.40
1950-1959       68           5619222.12      5093102.70     10712324.81
1950-1959       69           5367951.35      4843967.57     10211918.92
1950-1959       70           4997888.01      4472193.88      9470081.89
1950-1959       71           4622328.08      4103988.99      8726317.07
1950-1959       72           4257883.41      3755858.89      8013742.30
1950-1959       73           3958241.23      3460458.75      7418699.98
1950-1959       74           3613001.57      3125750.40      6738751.98
1950-1959       75           3310741.45      2838120.22      6148861.68
1950-1959       76           3015174.40      2557535.37      5572709.77
1950-1959       77           2745186.96      2307235.00      5052421.96
1950-1959       78           2483249.81      2053013.31      4536263.12
1950-1959       79           2238274.04      1815732.69      4054006.73
1950-1959       80           2055772.91      1565822.51      3621595.42
1950-1959       81           1815800.42      1358634.61      3174435.02
1950-1959       82           1587292.95      1164709.11      2752002.06
1950-1959       83           1367487.92       983147.08      2350635.00
1950-1959       84           1157366.80       815672.35      1973039.15
1950-1959       85            963097.32       665003.67      1628100.99
1950-1959       86            791343.05       534468.07      1325811.11
1950-1959       87            641088.59       421967.59      1063056.18
1950-1959       88            514156.34       329297.76       843454.10
1950-1959       89            407040.68       253726.92       660767.61
1950-1959       90            314354.16       190949.94       505304.10
1950-1959       91            239143.44       141603.97       380747.41
1950-1959       92            179626.55       103312.67       282939.21
1950-1959       93            131584.18        73449.29       205033.47
1950-1959       94             94461.29        51244.37       145705.67
1950-1959       95             66515.16        35238.33       101753.48
1950-1959       96             46116.66        23876.27        69992.93
1950-1959       97             31392.03        15837.19        47229.22
1950-1959       98             20989.64        10407.78        31397.42
1950-1959       99             14063.73         6947.91        21011.64
1950-1959      100              9380.14         4632.76        14012.90
1950-1959      101              6282.52         3133.32         9415.84
1950-1959      102              4337.54         2223.35         6560.89
1950-1959      103              3042.53         1577.22         4619.75
1950-1959      104              2177.82         1148.18         3325.99
1950-1959      105              1552.28          849.91         2402.19
1950-1959      106              1136.30          627.02         1763.32
1950-1959      107               868.25          474.51         1342.76
1950-1959      108               675.52          368.69         1044.21
1950-1959      109               518.98          296.29          815.27
1950-1959      110+             1595.71         1005.49         2601.20
1960-1969        0          18645480.19     19355442.45     38000922.63
1960-1969        1          18876102.14     19545499.83     38421601.97
1960-1969        2          18964969.01     19656311.92     38621280.93
1960-1969        3          19368400.92     20037043.42     39405444.34
1960-1969        4          19808867.82     20537241.59     40346109.42
1960-1969        5          19904928.22     20642843.44     40547771.65
1960-1969        6          19875080.01     20526569.92     40401649.93
1960-1969        7          19866993.65     20556595.79     40423589.44
1960-1969        8          19331115.83     20038599.21     39369715.04
1960-1969        9          19194345.07     19922527.55     39116872.63
1960-1969       10          19350531.22     20082482.07     39433013.29
1960-1969       11          18733142.60     19420729.80     38153872.40
1960-1969       12          18484699.86     19173302.31     37658002.17
1960-1969       13          18116638.47     18715622.09     36832260.56
1960-1969       14          17957588.87     18555711.95     36513300.83
1960-1969       15          17192406.27     17813310.12     35005716.40
1960-1969       16          16466096.56     17015284.37     33481380.93
1960-1969       17          16163192.07     16566826.45     32730018.52
1960-1969       18          15810439.23     15837251.13     31647690.36
1960-1969       19          15119548.64     14670307.95     29789856.60
1960-1969       20          14825950.70     14001228.87     28827179.56
1960-1969       21          14064428.61     13208275.79     27272704.40
1960-1969       22          13435621.88     12664824.47     26100446.35
1960-1969       23          12717813.29     11976143.28     24693956.57
1960-1969       24          12632810.45     11954896.24     24587706.69
1960-1969       25          12270080.11     11728597.02     23998677.13
1960-1969       26          11881202.04     11411171.07     23292373.11
1960-1969       27          11627753.71     11162929.84     22790683.55
1960-1969       28          11443815.09     11004415.15     22448230.24
1960-1969       29          11317872.16     10908678.26     22226550.42
1960-1969       30          11593260.01     11198220.41     22791480.43
1960-1969       31          11323038.20     10937350.68     22260388.88
1960-1969       32          11421773.94     11005355.45     22427129.38
1960-1969       33          11500078.30     11061746.13     22561824.43
1960-1969       34          11782938.70     11297818.39     23080757.10
1960-1969       35          11919850.06     11397913.52     23317763.58
1960-1969       36          12117644.76     11540429.66     23658074.42
1960-1969       37          12306130.50     11684230.44     23990360.94
1960-1969       38          12430817.17     11783962.36     24214779.53
1960-1969       39          12523300.60     11867254.43     24390555.03
1960-1969       40          12583369.49     11924194.09     24507563.57
1960-1969       41          12569802.58     11912847.41     24482649.99
1960-1969       42          12501944.06     11846694.46     24348638.52
1960-1969       43          12389688.95     11742207.92     24131896.87
1960-1969       44          12253921.71     11619610.47     23873532.18
1960-1969       45          12091589.59     11483670.37     23575259.96
1960-1969       46          11899972.08     11308048.06     23208020.14
1960-1969       47          11682337.55     11111791.53     22794129.08
1960-1969       48          11455592.62     10910455.14     22366047.76
1960-1969       49          11219665.42     10698673.11     21918338.52
1960-1969       50          11006342.73     10498798.19     21505140.92
1960-1969       51          10771615.76     10270349.62     21041965.38
1960-1969       52          10578967.00     10077163.23     20656130.23
1960-1969       53          10431545.97      9916663.38     20348209.34
1960-1969       54          10291297.19      9754673.55     20045970.73
1960-1969       55          10129230.45      9562722.96     19691953.42
1960-1969       56           9940727.96      9345009.51     19285737.47
1960-1969       57           9690741.01      9059568.79     18750309.80
1960-1969       58           9364083.75      8704098.13     18068181.88
1960-1969       59           8992922.90      8299917.86     17292840.77
1960-1969       60           8646080.89      7918985.44     16565066.33
1960-1969       61           8279863.72      7520239.34     15800103.06
1960-1969       62           7980612.06      7174108.15     15154720.21
1960-1969       63           7762460.71      6887734.35     14650195.06
1960-1969       64           7610332.14      6652449.87     14262782.00
1960-1969       65           7464434.28      6430000.97     13894435.24
1960-1969       66           7326810.81      6207808.53     13534619.33
1960-1969       67           7168378.98      5985674.10     13154053.08
1960-1969       68           6953837.78      5739074.08     12692911.86
1960-1969       69           6721373.93      5488960.26     12210334.19
1960-1969       70           6453603.48      5214929.06     11668532.53
1960-1969       71           6158136.31      4926718.43     11084854.74
1960-1969       72           5835294.40      4624552.81     10459847.20
1960-1969       73           5485262.15      4304803.34      9790065.49
1960-1969       74           5113682.74      3967284.09      9080966.83
1960-1969       75           4735486.81      3628472.08      8363958.89
1960-1969       76           4346107.07      3289727.96      7635835.03
1960-1969       77           3964887.03      2959358.33      6924245.36
1960-1969       78           3586843.88      2634579.09      6221422.96
1960-1969       79           3229277.28      2327977.98      5557255.26
1960-1969       80           2979516.27      2039085.96      5018602.23
1960-1969       81           2635969.99      1765698.56      4401668.55
1960-1969       82           2318404.24      1518537.66      3836941.90
1960-1969       83           2021385.79      1293620.39      3315006.18
1960-1969       84           1740178.66      1086534.85      2826713.51
1960-1969       85           1475796.69       897710.49      2373507.17
1960-1969       86           1232395.24       729870.02      1962265.27
1960-1969       87           1015258.41       585571.37      1600829.78
1960-1969       88            824295.54       463221.85      1287517.39
1960-1969       89            658817.65       360355.17      1019172.82
1960-1969       90            517231.90       275478.77       792710.67
1960-1969       91            399801.29       207386.66       607187.95
1960-1969       92            303833.53       153269.20       457102.73
1960-1969       93            224854.09       110241.29       335095.38
1960-1969       94            162176.31        77520.26       239696.57
1960-1969       95            114055.20        53471.67       167526.86
1960-1969       96             78898.14        36209.90       115108.04
1960-1969       97             53441.54        23988.70        77430.24
1960-1969       98             35556.58        15613.14        51169.72
1960-1969       99             23577.40        10142.33        33719.73
1960-1969      100             15329.12         6508.75        21837.86
1960-1969      101              9871.22         4178.78        14049.99
1960-1969      102              6368.24         2750.77         9119.00
1960-1969      103              4105.12         1856.05         5961.17
1960-1969      104              2698.38         1302.46         4000.83
1960-1969      105              1770.29          898.32         2668.61
1960-1969      106              1190.06          623.26         1813.32
1960-1969      107               844.24          456.73         1300.97
1960-1969      108               607.55          336.32          943.87
1960-1969      109               450.77          253.43          704.20
1960-1969      110+             1517.34          902.69         2420.03
1970-1979        0          16112971.10     16877228.46     32990199.56
1970-1979        1          15813338.00     16509184.27     32322522.27
1970-1979        2          15727246.45     16431043.36     32158289.81
1970-1979        3          16081730.64     16765945.24     32847675.88
1970-1979        4          16574301.99     17271217.33     33845519.31
1970-1979        5          16864661.21     17581668.08     34446329.29
1970-1979        6          17371011.52     18045245.25     35416256.77
1970-1979        7          17990502.55     18741807.52     36732310.07
1970-1979        8          17951232.51     18703581.20     36654813.71
1970-1979        9          18663412.39     19418889.25     38082301.64
1970-1979       10          19480599.58     20323714.93     39804314.51
1970-1979       11          19378554.59     20179568.99     39558123.58
1970-1979       12          19716546.64     20528546.12     40245092.76
1970-1979       13          20100072.84     20903768.30     41003841.14
1970-1979       14          20560827.25     21361731.00     41922558.26
1970-1979       15          20644179.77     21503191.71     42147371.48
1970-1979       16          20537056.63     21299702.25     41836758.88
1970-1979       17          20433290.85     21141526.65     41574817.50
1970-1979       18          20258134.99     20635220.97     40893355.96
1970-1979       19          20514204.04     20612230.20     41126434.24
1970-1979       20          20230833.43     20155079.02     40385912.45
1970-1979       21          19401861.50     19198378.40     38600239.90
1970-1979       22          18987246.45     18678445.66     37665692.11
1970-1979       23          18687959.03     18318851.13     37006810.16
1970-1979       24          18484633.74     18163196.96     36647830.70
1970-1979       25          17786475.56     17541069.02     35327544.59
1970-1979       26          17062433.88     16818804.38     33881238.26
1970-1979       27          16840103.91     16519246.29     33359350.20
1970-1979       28          16015765.19     15663130.78     31678895.97
1970-1979       29          16022013.65     15662291.76     31684305.40
1970-1979       30          15784323.24     15477523.51     31261846.74
1970-1979       31          14589359.54     14248383.01     28837742.55
1970-1979       32          14067480.55     13639593.63     27707074.18
1970-1979       33          13237374.76     12734805.13     25972179.89
1970-1979       34          13262502.63     12733244.43     25995747.06
1970-1979       35          12784749.78     12303412.65     25088162.43
1970-1979       36          12325284.91     11799917.74     24125202.65
1970-1979       37          11990537.12     11423573.65     23414110.77
1970-1979       38          11657949.11     11108166.81     22766115.92
1970-1979       39          11757435.89     11220441.37     22977877.26
1970-1979       40          11838708.53     11333636.98     23172345.51
1970-1979       41          11648319.81     11152637.46     22800957.27
1970-1979       42          11692610.11     11190184.66     22882794.77
1970-1979       43          11682129.55     11168629.83     22850759.38
1970-1979       44          11827518.41     11272704.03     23100222.44
1970-1979       45          11904156.95     11258923.53     23163080.47
1970-1979       46          11995224.20     11326689.09     23321913.29
1970-1979       47          12110632.81     11396889.50     23507522.32
1970-1979       48          12158232.59     11342760.69     23500993.28
1970-1979       49          12455868.08     11567162.50     24023030.57
1970-1979       50          12212923.09     11343194.83     23556117.92
1970-1979       51          12403302.62     11470109.08     23873411.70
1970-1979       52          12301474.31     11323402.76     23624877.06
1970-1979       53          12166409.30     11189692.74     23356102.04
1970-1979       54          11923890.41     10943120.55     22867010.97
1970-1979       55          11654003.95     10657136.73     22311140.68
1970-1979       56          11437665.54     10416582.65     21854248.19
1970-1979       57          11192709.61     10148005.96     21340715.57
1970-1979       58          10928763.82      9796115.05     20724878.87
1970-1979       59          10763058.63      9584594.96     20347653.59
1970-1979       60          10146249.15      8987876.79     19134125.94
1970-1979       61          10159397.22      8987081.28     19146478.50
1970-1979       62          10025304.43      8720607.55     18745911.98
1970-1979       63           9857306.49      8469311.80     18326618.29
1970-1979       64           9683576.32      8146630.40     17830206.71
1970-1979       65           9476338.25      7814472.38     17290810.63
1970-1979       66           9228164.01      7445215.68     16673379.69
1970-1979       67           8868089.27      7068953.79     15937043.06
1970-1979       68           8511286.82      6661971.09     15173257.91
1970-1979       69           8075866.93      6240718.19     14316585.12
1970-1979       70           7393632.47      5574843.02     12968475.49
1970-1979       71           7214161.42      5397420.54     12611581.95
1970-1979       72           6761417.63      4924068.35     11685485.98
1970-1979       73           6460210.47      4622780.60     11082991.07
1970-1979       74           6095493.01      4236997.68     10332490.69
1970-1979       75           5735100.62      3880210.71      9615311.32
1970-1979       76           5473643.12      3601414.37      9075057.49
1970-1979       77           5162979.83      3304388.78      8467368.61
1970-1979       78           4922807.07      3113610.62      8036417.68
1970-1979       79           4464846.68      2756895.56      7221742.24
1970-1979       80           4053908.00      2394738.63      6448646.63
1970-1979       81           3711519.24      2136822.01      5848341.25
1970-1979       82           3353007.51      1881489.08      5234496.59
1970-1979       83           2985529.08      1629954.47      4615483.55
1970-1979       84           2619646.90      1391729.51      4011376.40
1970-1979       85           2270800.47      1173787.07      3444587.54
1970-1979       86           1941791.13       975760.37      2917551.50
1970-1979       87           1632094.27       796554.22      2428648.49
1970-1979       88           1350946.80       640622.68      1991569.48
1970-1979       89           1101341.05       507643.23      1608984.27
1970-1979       90            877460.61       393150.90      1270611.50
1970-1979       91            683868.43       297309.10       981177.52
1970-1979       92            525322.76       221286.86       746609.61
1970-1979       93            396616.87       161665.58       558282.45
1970-1979       94            292682.96       115300.64       407983.61
1970-1979       95            210661.08        80346.04       291007.12
1970-1979       96            147873.33        54585.36       202458.69
1970-1979       97            101506.12        36441.83       137947.94
1970-1979       98             68281.10        23986.23        92267.32
1970-1979       99             45177.62        15591.46        60769.08
1970-1979      100             29558.22        10036.58        39594.79
1970-1979      101             19154.86         6473.13        25627.98
1970-1979      102             12346.19         4205.14        16551.34
1970-1979      103              7914.89         2794.97        10709.86
1970-1979      104              4999.18         1877.51         6876.69
1970-1979      105              3163.32         1282.99         4446.31
1970-1979      106              2052.17          872.91         2925.07
1970-1979      107              1355.15          615.27         1970.42
1970-1979      108               914.67          432.40         1347.07
1970-1979      109               632.10          303.01          935.10
1970-1979      110+             1746.28          903.24         2649.53
1980-1989        0          17959916.83     18818420.99     36778337.83
1980-1989        1          17242435.98     18071806.01     35314241.99
1980-1989        2          17056706.74     17856454.18     34913160.92
1980-1989        3          16991775.56     17777255.87     34769031.44
1980-1989        4          16928363.46     17727436.48     34655799.95
1980-1989        5          16687568.54     17478289.90     34165858.43
1980-1989        6          16470309.81     17250412.36     33720722.17
1980-1989        7          16462999.90     17248490.36     33711490.25
1980-1989        8          15791860.20     16564670.51     32356530.71
1980-1989        9          16610147.98     17419295.46     34029443.44
1980-1989       10          16825747.17     17702346.64     34528093.81
1980-1989       11          16689729.33     17496693.16     34186422.49
1980-1989       12          16753252.51     17533493.95     34286746.46
1980-1989       13          17022698.83     17791102.05     34813800.88
1980-1989       14          17344752.25     18165576.77     35510329.03
1980-1989       15          17835712.41     18664680.50     36500392.91
1980-1989       16          18286180.21     19170821.38     37457001.59
1980-1989       17          18828476.73     19829403.16     38657879.88
1980-1989       18          19105937.98     19794026.28     38899964.26
1980-1989       19          20425853.48     20873845.65     41299699.13
1980-1989       20          20539879.62     20971946.43     41511826.05
1980-1989       21          20460201.14     20875280.75     41335481.89
1980-1989       22          20507021.03     20868655.74     41375676.77
1980-1989       23          20800187.75     21032038.73     41832226.47
1980-1989       24          21338659.50     21559456.23     42898115.73
1980-1989       25          21421386.26     21566048.37     42987434.63
1980-1989       26          21306687.09     21342749.66     42649436.76
1980-1989       27          21339251.28     21337298.30     42676549.58
1980-1989       28          20189431.47     20108347.58     40297779.05
1980-1989       29          21558118.50     21521434.44     43079552.94
1980-1989       30          20958675.59     20787715.99     41746391.58
1980-1989       31          20139738.95     19868200.40     40007939.35
1980-1989       32          19880529.16     19574509.03     39455038.20
1980-1989       33          19484935.26     19046596.96     38531532.21
1980-1989       34          19354025.52     19082930.61     38436956.13
1980-1989       35          18544369.43     18159807.31     36704176.74
1980-1989       36          17678272.57     17198247.44     34876520.01
1980-1989       37          17327173.66     16803618.95     34130792.61
1980-1989       38          16086310.51     15561313.77     31647624.28
1980-1989       39          16629422.66     16202239.35     32831662.01
1980-1989       40          15823280.86     15307561.72     31130842.58
1980-1989       41          14743350.26     14229986.08     28973336.34
1980-1989       42          14119233.69     13652797.32     27772031.01
1980-1989       43          13404549.24     12863925.84     26268475.08
1980-1989       44          13269505.06     12812616.25     26082121.31
1980-1989       45          12728887.00     12226813.08     24955700.08
1980-1989       46          12349613.00     11803248.99     24152861.99
1980-1989       47          12116270.96     11537653.76     23653924.72
1980-1989       48          11249397.41     10713033.09     21962430.50
1980-1989       49          11869003.00     11326773.82     23195776.82
1980-1989       50          11725470.18     11012920.74     22738390.91
1980-1989       51          11328788.70     10655735.05     21984523.75
1980-1989       52          11336322.55     10602567.15     21938889.70
1980-1989       53          11496415.69     10734752.94     22231168.63
1980-1989       54          11770850.19     10871584.21     22642434.40
1980-1989       55          11615449.72     10589769.97     22205219.69
1980-1989       56          11760391.28     10670551.38     22430942.65
1980-1989       57          12027639.94     10852325.41     22879965.34
1980-1989       58          11539498.73     10318287.02     21857785.74
1980-1989       59          11989185.23     10643111.31     22632296.54
1980-1989       60          11883548.07     10377542.16     22261090.23
1980-1989       61          11564919.40     10099289.53     21664208.94
1980-1989       62          11245877.48      9716423.01     20962300.49
1980-1989       63          11150708.89      9646269.74     20796978.62
1980-1989       64          11254573.17      9542792.22     20797365.38
1980-1989       65          10969200.95      9156794.02     20125994.98
1980-1989       66          10572775.99      8711049.51     19283825.49
1980-1989       67          10412372.44      8447457.99     18859830.43
1980-1989       68           9901426.75      7856843.31     17758270.07
1980-1989       69           9851506.00      7590215.73     17441721.73
1980-1989       70           9317383.92      7075240.46     16392624.38
1980-1989       71           8999151.78      6696120.47     15695272.25
1980-1989       72           8521418.92      6194633.21     14716052.13
1980-1989       73           8124012.51      5771350.73     13895363.24
1980-1989       74           7966077.98      5483632.02     13449710.00
1980-1989       75           7536548.28      5076875.28     12613423.57
1980-1989       76           7062827.31      4598406.48     11661233.79
1980-1989       77           6677400.58      4182207.48     10859608.06
1980-1989       78           6223975.08      3780134.56     10004109.64
1980-1989       79           5823539.13      3408453.65      9231992.78
1980-1989       80           5221445.43      2924011.77      8145457.20
1980-1989       81           4784575.43      2572806.50      7357381.92
1980-1989       82           4354376.75      2245104.71      6599481.46
1980-1989       83           3936335.72      1947246.50      5883582.22
1980-1989       84           3536290.43      1677782.97      5214073.41
1980-1989       85           3146284.40      1431352.25      4577636.66
1980-1989       86           2768527.43      1207681.71      3976209.14
1980-1989       87           2404245.68      1005854.55      3410100.23
1980-1989       88           2068109.01       829199.14      2897308.15
1980-1989       89           1746707.48       670787.45      2417494.93
1980-1989       90           1454979.41       535910.55      1990889.95
1980-1989       91           1196487.83       423417.70      1619905.54
1980-1989       92            959856.66       326907.12      1286763.78
1980-1989       93            750860.62       245900.20       996760.82
1980-1989       94            572482.46       180185.87       752668.33
1980-1989       95            426479.84       129264.39       555744.22
1980-1989       96            310407.14        90366.32       400773.46
1980-1989       97            219412.04        61499.44       280911.48
1980-1989       98            151356.71        41045.55       192402.26
1980-1989       99            102299.04        26860.23       129159.27
1980-1989      100             67143.62        17086.93        84230.54
1980-1989      101             42793.46        10669.60        53463.07
1980-1989      102             26628.81         6600.03        33228.84
1980-1989      103             16402.13         4028.91        20431.03
1980-1989      104              9880.94         2448.07        12329.01
1980-1989      105              5886.17         1516.63         7402.81
1980-1989      106              3526.53          930.23         4456.76
1980-1989      107              2143.32          599.69         2743.02
1980-1989      108              1288.13          392.46         1680.59
1980-1989      109               806.65          260.17         1066.82
1980-1989      110+             1544.63          658.80         2203.43
1990-1999        0          18823438.83     19744909.41     38568348.24
1990-1999        1          18802024.45     19683670.33     38485694.78
1990-1999        2          18821393.46     19728347.91     38549741.37
1990-1999        3          18913823.31     19818184.17     38732007.48
1990-1999        4          19184336.15     20115613.80     39299949.95
1990-1999        5          19103637.84     20054701.21     39158339.05
1990-1999        6          18950656.56     19868261.31     38818917.87
1990-1999        7          18922771.36     19828274.51     38751045.88
1990-1999        8          18363681.69     19262122.67     37625804.36
1990-1999        9          18895207.23     19856798.23     38752005.46
1990-1999       10          18906616.40     19894439.89     38801056.29
1990-1999       11          18560220.85     19484156.64     38044377.49
1990-1999       12          18414510.71     19322669.63     37737180.34
1990-1999       13          18290631.22     19190403.39     37481034.61
1990-1999       14          18105936.10     19067595.77     37173531.87
1990-1999       15          17987532.73     19011542.98     36999075.71
1990-1999       16          17768839.59     18882874.04     36651713.63
1990-1999       17          17711029.17     18925432.12     36636461.29
1990-1999       18          17675543.93     18613376.08     36288920.00
1990-1999       19          18500234.67     19292964.15     37793198.82
1990-1999       20          18454117.50     19274861.97     37728979.47
1990-1999       21          18199974.07     18996693.34     37196667.41
1990-1999       22          17958148.10     18678897.70     36637045.81
1990-1999       23          18079606.48     18696541.64     36776148.12
1990-1999       24          18683740.44     19193081.60     37876822.04
1990-1999       25          19176558.39     19623157.23     38799715.62
1990-1999       26          19509731.09     19753392.33     39263123.42
1990-1999       27          20177010.27     20428113.72     40605123.99
1990-1999       28          19920119.25     20104500.27     40024619.52
1990-1999       29          21251684.91     21431247.83     42682932.74
1990-1999       30          21644362.57     21865532.46     43509895.03
1990-1999       31          21349220.09     21415482.09     42764702.18
1990-1999       32          21848261.08     21872819.36     43721080.44
1990-1999       33          21988399.36     21903983.47     43892382.83
1990-1999       34          22615373.25     22682440.89     45297814.14
1990-1999       35          22800357.20     22819123.90     45619481.10
1990-1999       36          22288288.38     22052338.03     44340626.40
1990-1999       37          22105499.59     21845993.41     43951493.00
1990-1999       38          21117638.77     20800212.34     41917851.11
1990-1999       39          21951063.27     21662807.85     43613871.12
1990-1999       40          21534360.01     21229081.92     42763441.93
1990-1999       41          20495101.59     20008685.71     40503787.30
1990-1999       42          20206191.13     19734604.94     39940796.07
1990-1999       43          19774998.70     19154882.49     38929881.20
1990-1999       44          19340548.55     18915524.20     38256072.75
1990-1999       45          18740414.95     18256939.49     36997354.44
1990-1999       46          17674856.97     17063730.99     34738587.96
1990-1999       47          17321010.97     16670784.11     33991795.08
1990-1999       48          16227335.62     15582913.19     31810248.81
1990-1999       49          16436020.47     15829157.42     32265177.89
1990-1999       50          15786124.88     15162582.73     30948707.61
1990-1999       51          14617662.72     13948921.04     28566583.77
1990-1999       52          13985013.60     13306689.09     27291702.70
1990-1999       53          13225893.58     12496406.16     25722299.74
1990-1999       54          13092070.83     12369904.18     25461975.01
1990-1999       55          12547041.89     11761206.04     24308247.94
1990-1999       56          12149252.87     11305242.60     23454495.46
1990-1999       57          11786715.14     10888908.73     22675623.87
1990-1999       58          11143382.44     10253185.37     21396567.81
1990-1999       59          11313860.12     10367757.18     21681617.30
1990-1999       60          11242718.02     10130930.21     21373648.23
1990-1999       61          10830253.90      9769160.44     20599414.34
1990-1999       62          10856275.14      9683461.92     20539737.06
1990-1999       63          10897948.40      9674169.32     20572117.72
1990-1999       64          11076863.63      9629960.68     20706824.32
1990-1999       65          10983518.16      9385512.16     20369030.32
1990-1999       66          10935552.01      9211951.43     20147503.45
1990-1999       67          10976405.64      9146664.57     20123070.21
1990-1999       68          10618226.89      8717449.37     19335676.25
1990-1999       69          10628359.21      8537899.13     19166258.33
1990-1999       70          10494331.05      8249729.89     18744060.95
1990-1999       71          10069547.47      7854061.07     17923608.53
1990-1999       72           9793078.12      7518562.25     17311640.37
1990-1999       73           9460666.33      7107819.92     16568486.25
1990-1999       74           9230624.99      6742322.10     15972947.09
1990-1999       75           8897646.03      6333332.69     15230978.72
1990-1999       76           8432465.80      5866348.36     14298814.16
1990-1999       77           7999153.67      5396172.35     13395326.02
1990-1999       78           7641360.43      4954693.39     12596053.81
1990-1999       79           7181450.52      4480698.57     11662149.09
1990-1999       80           6434220.85      3837499.47     10271720.32
1990-1999       81           5995120.90      3425201.49      9420322.40
1990-1999       82           5547328.09      3026208.25      8573536.34
1990-1999       83           5094309.44      2645956.17      7740265.61
1990-1999       84           4635529.03      2285494.93      6921023.96
1990-1999       85           4167544.10      1946281.40      6113825.50
1990-1999       86           3702182.76      1635034.46      5337217.21
1990-1999       87           3251729.51      1356000.58      4607730.09
1990-1999       88           2815355.97      1106745.90      3922101.86
1990-1999       89           2409575.03       892126.93      3301701.96
1990-1999       90           2025259.81       705757.56      2731017.37
1990-1999       91           1669747.38       547873.14      2217620.52
1990-1999       92           1353389.15       417133.10      1770522.25
1990-1999       93           1076117.69       312113.93      1388231.62
1990-1999       94            840565.59       229327.62      1069893.21
1990-1999       95            641963.90       164911.38       806875.28
1990-1999       96            478253.99       115823.48       594077.46
1990-1999       97            347996.30        79208.71       427205.01
1990-1999       98            247394.87        52957.40       300352.28
1990-1999       99            171279.75        34652.33       205932.08
1990-1999      100            115547.48        22225.64       137773.13
1990-1999      101             75871.26        13918.50        89789.76
1990-1999      102             47931.19         8482.62        56413.81
1990-1999      103             29509.62         5014.35        34523.97
1990-1999      104             17805.12         2935.48        20740.59
1990-1999      105             10402.24         1733.25        12135.49
1990-1999      106              6022.96         1042.98         7065.94
1990-1999      107              3438.78          635.85         4074.62
1990-1999      108              1960.95          390.90         2351.86
1990-1999      109              1145.01          251.94         1396.95
1990-1999      110+             1593.52          337.63         1931.15
2000-2009        0          19632154.59     20528497.70     40160652.30
2000-2009        1          19402822.03     20265697.04     39668519.07
2000-2009        2          19266385.98     20139653.27     39406039.24
2000-2009        3          19188964.54     20051350.81     39240315.34
2000-2009        4          19216462.83     20105011.21     39321474.04
2000-2009        5          19256754.85     20138248.96     39395003.80
2000-2009        6          19228111.01     20105351.11     39333462.12
2000-2009        7          19342430.88     20229513.76     39571944.64
2000-2009        8          19436707.30     20362341.84     39799049.15
2000-2009        9          19662430.84     20624227.67     40286658.51
2000-2009       10          20377330.86     21369878.52     41747209.38
2000-2009       11          20383257.28     21384184.83     41767442.11
2000-2009       12          20580642.92     21593827.28     42174470.20
2000-2009       13          20601768.43     21628804.63     42230573.06
2000-2009       14          20555045.34     21612376.14     42167421.47
2000-2009       15          20678089.89     21794043.56     42472133.45
2000-2009       16          20704883.16     21903676.54     42608559.70
2000-2009       17          20606232.04     21922651.20     42528883.24
2000-2009       18          20705951.64     21998464.73     42704416.38
2000-2009       19          20733139.23     21932817.48     42665956.72
2000-2009       20          20497913.41     21629933.96     42127847.37
2000-2009       21          20363931.20     21413014.70     41776945.90
2000-2009       22          20104943.66     21075429.79     41180373.45
2000-2009       23          19961891.50     20798806.33     40760697.84
2000-2009       24          19819744.60     20498107.40     40317852.00
2000-2009       25          19828068.50     20336931.36     40164999.86
2000-2009       26          19581525.38     19886778.29     39468303.67
2000-2009       27          19590504.11     19759081.34     39349585.45
2000-2009       28          19412514.31     19636137.52     39048651.82
2000-2009       29          19305096.45     19563282.58     38868379.04
2000-2009       30          19674693.68     20025542.53     39700236.21
2000-2009       31          19573228.34     19756306.19     39329534.53
2000-2009       32          19910108.16     20043830.90     39953939.06
2000-2009       33          20036124.92     20112651.93     40148776.86
2000-2009       34          20266944.70     20315437.81     40582382.51
2000-2009       35          20662326.51     20719758.65     41382085.16
2000-2009       36          21054319.45     21002912.37     42057231.82
2000-2009       37          21377633.37     21246782.80     42624416.17
2000-2009       38          21669358.09     21494305.67     43163663.76
2000-2009       39          21887332.19     21687745.92     43575078.11
2000-2009       40          22084467.88     21821326.98     43905794.86
2000-2009       41          22316280.38     22021360.96     44337641.34
2000-2009       42          22548287.41     22222584.40     44770871.81
2000-2009       43          22772589.74     22368990.18     45141579.92
2000-2009       44          22746494.23     22276730.48     45023224.71
2000-2009       45          22684358.54     22148462.35     44832820.89
2000-2009       46          22555602.79     22014726.26     44570329.05
2000-2009       47          22360244.64     21769798.05     44130042.69
2000-2009       48          21979257.16     21317677.40     43296934.56
2000-2009       49          21635981.77     20939952.21     42575933.98
2000-2009       50          21164337.79     20379619.65     41543957.44
2000-2009       51          20822404.48     20028434.94     40850839.42
2000-2009       52          20342532.20     19480410.23     39822942.43
2000-2009       53          20009775.79     19134380.83     39144156.62
2000-2009       54          19358751.04     18439863.99     37798615.03
2000-2009       55          18544686.77     17536656.21     36081342.98
2000-2009       56          17931940.69     16944703.55     34876644.24
2000-2009       57          17298504.44     16280401.34     33578905.78
2000-2009       58          16639829.16     15590577.63     32230406.79
2000-2009       59          15885809.57     14801839.17     30687648.74
2000-2009       60          15061519.20     13937550.19     28999069.40
2000-2009       61          14451444.20     13334045.05     27785489.25
2000-2009       62          13717853.52     12562517.32     26280370.85
2000-2009       63          12901279.78     11731398.22     24632678.00
2000-2009       64          12388143.45     11179580.90     23567724.35
2000-2009       65          11993728.11     10705860.32     22699588.42
2000-2009       66          11507730.22     10186398.88     21694129.10
2000-2009       67          11026866.05      9665561.06     20692427.11
2000-2009       68          10660852.74      9236046.66     19896899.40
2000-2009       69          10353376.90      8849157.30     19202534.20
2000-2009       70          10072953.90      8477353.82     18550307.72
2000-2009       71           9891388.73      8223535.76     18114924.48
2000-2009       72           9653492.00      7874435.19     17527927.19
2000-2009       73           9478030.82      7599369.32     17077400.14
2000-2009       74           9258654.76      7275355.76     16534010.51
2000-2009       75           9007015.06      6903570.02     15910585.08
2000-2009       76           8872554.41      6653217.68     15525772.09
2000-2009       77           8620229.80      6297544.61     14917774.41
2000-2009       78           8366486.12      5946139.03     14312625.14
2000-2009       79           8042557.90      5546516.75     13589074.65
2000-2009       80           7363057.14      4893283.55     12256340.69
2000-2009       81           6947368.03      4453335.60     11400703.62
2000-2009       82           6495620.93      4007410.53     10503031.46
2000-2009       83           6009118.36      3560234.76      9569353.12
2000-2009       84           5507485.64      3125332.34      8632817.98
2000-2009       85           4994418.17      2706492.25      7700910.42
2000-2009       86           4477677.41      2306604.68      6784282.09
2000-2009       87           3966260.70      1933387.00      5899647.70
2000-2009       88           3453705.15      1586448.11      5040153.25
2000-2009       89           2958656.75      1273557.01      4232213.76
2000-2009       90           2508203.17      1007550.29      3515753.46
2000-2009       91           2093346.55       782706.93      2876053.48
2000-2009       92           1711816.71       593862.52      2305679.23
2000-2009       93           1371224.16       439865.90      1811090.06
2000-2009       94           1073352.78       316868.99      1390221.77
2000-2009       95            817224.60       222056.40      1039281.00
2000-2009       96            605812.07       151673.66       757485.73
2000-2009       97            437854.88       101016.53       538871.42
2000-2009       98            306978.67        65373.32       372351.99
2000-2009       99            210049.94        41509.19       251559.13
2000-2009      100            139677.97        25340.91       165018.88
2000-2009      101             89464.36        15033.79       104498.15
2000-2009      102             55639.01         8691.50        64330.51
2000-2009      103             33813.07         4945.50        38758.56
2000-2009      104             19806.36         2750.76        22557.12
2000-2009      105             11228.61         1502.43        12731.05
2000-2009      106              6241.80          789.77         7031.56
2000-2009      107              3408.90          440.83         3849.73
2000-2009      108              1801.14          257.11         2058.25
2000-2009      109               921.52          149.55         1071.07
2000-2009      110+             1038.87          140.17         1179.04
2010-2019        0          19136020.29     20023961.24     39159981.53
2010-2019        1          19305257.43     20187655.62     39492913.05
2010-2019        2          19491278.28     20376934.70     39868212.98
2010-2019        3          19648085.68     20533232.92     40181318.60
2010-2019        4          19748750.29     20634567.76     40383318.05
2010-2019        5          19825900.82     20707593.08     40533493.90
2010-2019        6          19892363.61     20770395.63     40662759.25
2010-2019        7          19956953.89     20825922.59     40782876.48
2010-2019        8          20016598.32     20881482.11     40898080.43
2010-2019        9          20079138.97     20945621.39     41024760.36
2010-2019       10          20215312.88     21090142.21     41305455.09
2010-2019       11          20282033.93     21165954.12     41447988.06
2010-2019       12          20306331.02     21194386.68     41500717.70
2010-2019       13          20315285.12     21204559.89     41519845.00
2010-2019       14          20342324.75     21240108.75     41582433.50
2010-2019       15          20418260.19     21338411.08     41756671.27
2010-2019       16          20549116.27     21508286.30     42057402.56
2010-2019       17          20727425.20     21741154.59     42468579.79
2010-2019       18          20982836.36     22042722.89     43025559.25
2010-2019       19          21243341.60     22323998.05     43567339.65
2010-2019       20          21458248.58     22541282.54     43999531.12
2010-2019       21          21636413.74     22719190.87     44355604.61
2010-2019       22          21765327.07     22841174.08     44606501.15
2010-2019       23          21866636.59     22917757.49     44784394.08
2010-2019       24          21967224.29     22964876.59     44932100.88
2010-2019       25          22045405.41     22959736.20     45005141.61
2010-2019       26          22033743.97     22839822.53     44873566.50
2010-2019       27          22018665.48     22695150.42     44713815.90
2010-2019       28          21938814.95     22496230.98     44435045.93
2010-2019       29          21780198.51     22245444.16     44025642.67
2010-2019       30          21643297.98     22044157.33     43687455.31
2010-2019       31          21471941.12     21797289.89     43269231.01
2010-2019       32          21309907.29     21564735.19     42874642.48
2010-2019       33          21159116.49     21336725.31     42495841.80
2010-2019       34          20948657.57     21050261.41     41998918.98
2010-2019       35          20753150.50     20797494.03     41550644.53
2010-2019       36          20572637.09     20560683.29     41133320.38
2010-2019       37          20403561.17     20337206.36     40740767.53
2010-2019       38          20304313.57     20187395.08     40491708.65
2010-2019       39          20334913.95     20178584.62     40513498.56
2010-2019       40          20351977.06     20151507.27     40503484.33
2010-2019       41          20406806.82     20177342.66     40584149.48
2010-2019       42          20444179.78     20190440.24     40634620.02
2010-2019       43          20518295.69     20239726.34     40758022.03
2010-2019       44          20673478.00     20366049.19     41039527.19
2010-2019       45          20894825.61     20544511.03     41439336.64
2010-2019       46          21214355.51     20826151.48     42040506.99
2010-2019       47          21505790.47     21078066.86     42583857.33
2010-2019       48          21729990.10     21249861.11     42979851.21
2010-2019       49          21872601.58     21341304.72     43213906.30
2010-2019       50          21983064.34     21376321.27     43359385.61
2010-2019       51          22161098.56     21481130.58     43642229.14
2010-2019       52          22353371.49     21587083.36     43940454.84
2010-2019       53          22505514.82     21650796.06     44156310.89
2010-2019       54          22562888.57     21614504.09     44177392.66
2010-2019       55          22460182.99     21408539.38     43868722.38
2010-2019       56          22263918.87     21125204.05     43389122.92
2010-2019       57          21969440.74     20744429.03     42713869.77
2010-2019       58          21603643.76     20297241.06     41900884.83
2010-2019       59          21151890.69     19765422.48     40917313.17
2010-2019       60          20644350.69     19173375.20     39817725.90
2010-2019       61          20164353.42     18621140.30     38785493.71
2010-2019       62          19672800.73     18068733.33     37741534.06
2010-2019       63          19242928.47     17582656.98     36825585.45
2010-2019       64          18449977.80     16765298.60     35215276.41
2010-2019       65          17657526.98     15950000.71     33607527.69
2010-2019       66          16902440.24     15182740.62     32085180.86
2010-2019       67          16241098.68     14502134.47     30743233.15
2010-2019       68          15497736.27     13747788.26     29245524.52
2010-2019       69          14706730.64     12946720.55     27653451.19
2010-2019       70          13895405.78     12129058.33     26024464.11
2010-2019       71          13094324.87     11328040.63     24422365.50
2010-2019       72          12270393.93     10500485.71     22770879.64
2010-2019       73          11375678.18      9616851.57     20992529.75
2010-2019       74          10804164.18      9007472.72     19811636.90
2010-2019       75          10238909.31      8412629.65     18651538.96
2010-2019       76           9658051.39      7812491.85     17470543.24
2010-2019       77           9044166.19      7188322.38     16232488.57
2010-2019       78           8546193.20      6662773.38     15208966.58
2010-2019       79           8107649.10      6189781.26     14297430.37
2010-2019       80           7612595.20      5705841.73     13318436.93
2010-2019       81           7178383.87      5245908.04     12424291.92
2010-2019       82           6751868.53      4796458.68     11548327.21
2010-2019       83           6333562.71      4360304.24     10693866.95
2010-2019       84           5900913.15      3924046.20      9824959.35
2010-2019       85           5456765.02      3492340.86      8949105.89
2010-2019       86           5024410.82      3088534.87      8112945.69
2010-2019       87           4551053.21      2679797.48      7230850.68
2010-2019       88           4101504.92      2299649.73      6401154.65
2010-2019       89           3638917.77      1930282.07      5569199.84
2010-2019       90           3155998.99      1580381.77      4736380.76
2010-2019       91           2680705.67      1262419.25      3943124.91
2010-2019       92           2228881.44       983007.35      3211888.79
2010-2019       93           1808512.04       742714.25      2551226.29
2010-2019       94           1431523.80       545286.13      1976809.92
2010-2019       95           1104696.57       388479.23      1493175.80
2010-2019       96            829053.37       267284.01      1096337.39
2010-2019       97            604734.83       177136.20       781871.03
2010-2019       98            426307.44       113542.66       539850.10
2010-2019       99            291163.82        69986.06       361149.88
2010-2019      100            194265.78        42059.28       236325.06
2010-2019      101            125590.82        24242.22       149833.04
2010-2019      102             78249.97        13606.23        91856.20
2010-2019      103             47148.02         7383.94        54531.96
2010-2019      104             27566.79         3893.80        31460.59
2010-2019      105             15465.22         1992.42        17457.64
2010-2019      106              8387.08         1007.42         9394.50
2010-2019      107              4434.37          503.36         4937.73
2010-2019      108              2304.31          250.94         2555.25
2010-2019      109              1133.90          135.14         1269.04
2010-2019      110+             1143.48          230.60         1374.08
2020-2021        0           3559698.03      3721738.66      7281436.70
2020-2021        1           3649440.68      3813793.56      7463234.24
2020-2021        2           3726829.57      3895222.03      7622051.61
2020-2021        3           3806753.04      3982992.68      7789745.72
2020-2021        4           3886084.96      4066351.69      7952436.65
2020-2021        5           3950943.81      4130665.19      8081609.00
2020-2021        6           3970648.65      4154813.86      8125462.51
2020-2021        7           3964850.92      4149668.43      8114519.35
2020-2021        8           3959365.60      4145854.13      8105219.73
2020-2021        9           3972048.05      4167042.99      8139091.04
2020-2021       10           4017140.99      4218042.60      8235183.60
2020-2021       11           4102044.60      4303565.46      8405610.06
2020-2021       12           4222204.51      4428946.32      8651150.83
2020-2021       13           4292684.97      4504746.86      8797431.83
2020-2021       14           4269071.18      4475659.87      8744731.05
2020-2021       15           4220528.08      4418238.22      8638766.30
2020-2021       16           4206484.73      4398335.60      8604820.33
2020-2021       17           4192152.26      4380358.05      8572510.31
2020-2021       18           4183913.62      4369763.65      8553677.27
2020-2021       19           4217028.98      4403216.90      8620245.88
2020-2021       20           4240744.58      4425536.02      8666280.60
2020-2021       21           4220286.74      4399998.34      8620285.08
2020-2021       22           4197636.00      4368869.30      8566505.30
2020-2021       23           4201454.07      4366102.79      8567556.86
2020-2021       24           4223864.47      4387374.22      8611238.69
2020-2021       25           4275291.67      4439104.79      8714396.46
2020-2021       26           4355116.31      4521003.17      8876119.48
2020-2021       27           4446512.79      4607722.80      9054235.59
2020-2021       28           4548056.59      4692058.70      9240115.29
2020-2021       29           4631769.48      4754602.88      9386372.35
2020-2021       30           4667840.13      4774519.00      9442359.13
2020-2021       31           4621836.26      4721922.91      9343759.18
2020-2021       32           4524319.18      4622632.25      9146951.43
2020-2021       33           4454333.85      4556404.11      9010737.95
2020-2021       34           4436570.23      4543279.02      8979849.24
2020-2021       35           4427784.38      4529524.16      8957308.54
2020-2021       36           4390792.28      4479647.70      8870439.98
2020-2021       37           4385263.37      4462163.06      8847426.43
2020-2021       38           4408943.68      4476622.79      8885566.47
2020-2021       39           4397662.98      4462089.00      8859751.98
2020-2021       40           4335993.89      4388218.17      8724212.06
2020-2021       41           4251002.10      4287393.68      8538395.78
2020-2021       42           4138172.81      4157097.33      8295270.14
2020-2021       43           4063904.23      4068601.44      8132505.67
2020-2021       44           3995397.85      3992558.63      7987956.49
2020-2021       45           3937588.25      3925761.52      7863349.76
2020-2021       46           3918126.61      3898187.43      7816314.04
2020-2021       47           3932714.71      3906925.00      7839639.71
2020-2021       48           4044687.55      4018626.25      8063313.80
2020-2021       49           4239579.28      4229246.20      8468825.48
2020-2021       50           4306354.54      4301528.62      8607883.16
2020-2021       51           4219662.42      4209180.57      8428842.98
2020-2021       52           4114303.33      4089635.79      8203939.12
2020-2021       53           4083769.52      4040386.19      8124155.71
2020-2021       54           4149021.39      4085687.43      8234708.81
2020-2021       55           4256883.95      4162903.17      8419787.12
2020-2021       56           4381882.30      4261888.48      8643770.78
2020-2021       57           4449464.39      4307622.28      8757086.67
2020-2021       58           4481361.89      4319266.39      8800628.29
2020-2021       59           4505784.58      4328528.30      8834312.87
2020-2021       60           4457037.07      4262704.94      8719742.01
2020-2021       61           4394106.27      4178139.16      8572245.43
2020-2021       62           4353447.50      4111095.54      8464543.04
2020-2021       63           4294554.47      4025866.24      8320420.71
2020-2021       64           4197494.93      3899605.98      8097100.92
2020-2021       65           4071538.07      3744166.28      7815704.35
2020-2021       66           3957265.66      3605244.02      7562509.68
2020-2021       67           3822340.91      3451886.96      7274227.87
2020-2021       68           3681740.29      3297738.86      6979479.15
2020-2021       69           3547731.83      3150289.85      6698021.67
2020-2021       70           3400666.39      2993003.74      6393670.13
2020-2021       71           3283313.39      2871299.56      6154612.95
2020-2021       72           3203313.85      2791333.98      5994647.83
2020-2021       73           3195077.91      2788819.44      5983897.35
2020-2021       74           2827903.29      2442396.38      5270299.67
2020-2021       75           2381047.89      2015967.41      4397015.30
2020-2021       76           2271312.82      1890930.50      4162243.32
2020-2021       77           2228007.80      1831302.24      4059310.04
2020-2021       78           2078638.68      1681240.98      3759879.66
2020-2021       79           1848156.81      1466739.68      3314896.49
2020-2021       80           1678850.45      1305141.71      2983992.16
2020-2021       81           1547967.56      1179277.96      2727245.51
2020-2021       82           1438249.16      1071760.97      2510010.12
2020-2021       83           1317980.22       957362.13      2275342.35
2020-2021       84           1203072.68       850284.85      2053357.54
2020-2021       85           1093005.29       743156.34      1836161.62
2020-2021       86            983191.00       640403.89      1623594.89
2020-2021       87            873958.91       548059.77      1422018.68
2020-2021       88            779716.50       476747.29      1256463.80
2020-2021       89            709231.20       428530.16      1137761.37
2020-2021       90            634456.61       369889.48      1004346.10
2020-2021       91            547553.98       300256.89       847810.87
2020-2021       92            465983.91       238653.73       704637.65
2020-2021       93            390153.80       185790.58       575944.38
2020-2021       94            316355.08       139407.49       455762.57
2020-2021       95            250203.10       101422.32       351625.42
2020-2021       96            192575.31        72115.54       264690.84
2020-2021       97            142707.97        49362.98       192070.95
2020-2021       98            103214.19        32549.78       135763.97
2020-2021       99             72729.95        20756.64        93486.59
2020-2021      100             47896.51        12393.23        60289.74
2020-2021      101             29916.99         7006.92        36923.91
2020-2021      102             18458.00         3847.86        22305.85
2020-2021      103             11139.86         2055.05        13194.91
2020-2021      104              6370.60         1056.28         7426.88
2020-2021      105              3582.08          557.23         4139.31
2020-2021      106              1985.35          282.82         2268.16
2020-2021      107              1091.12          135.38         1226.50
2020-2021      108               567.76           66.36          634.12
2020-2021      109               283.95           34.95          318.90
2020-2021      110+              238.19           58.57          296.76
