Finland, Life tables (cohort 1x10), Total	Last modified: 14 Jun 2023;  Methods Protocol: v6 (2017)

  Year          Age         mx       qx    ax      lx      dx      Lx       Tx     ex
1878-1879        0      0.17374  0.15504  0.31  100000   15504   89237  4229895  42.30
1878-1879        1      0.06533  0.06324  0.49   84496    5344   81790  4140658  49.00
1878-1879        2      0.04336  0.04245  0.50   79152    3360   77481  4058868  51.28
1878-1879        3      0.03016  0.02971  0.50   75792    2252   74658  3981387  52.53
1878-1879        4      0.02154  0.02131  0.50   73541    1567   72754  3906729  53.12
1878-1879        5      0.01526  0.01515  0.50   71974    1090   71431  3833975  53.27
1878-1879        6      0.01248  0.01240  0.51   70883     879   70452  3762544  53.08
1878-1879        7      0.00997  0.00992  0.49   70004     695   69647  3692091  52.74
1878-1879        8      0.00682  0.00679  0.48   69310     471   69063  3622444  52.26
1878-1879        9      0.00469  0.00468  0.50   68839     322   68679  3553381  51.62
1878-1879       10      0.00520  0.00519  0.52   68517     355   68346  3484702  50.86
1878-1879       11      0.00487  0.00486  0.51   68161     331   68000  3416356  50.12
1878-1879       12      0.00448  0.00447  0.52   67830     304   67683  3348356  49.36
1878-1879       13      0.00451  0.00450  0.51   67526     304   67377  3280672  48.58
1878-1879       14      0.00477  0.00476  0.51   67222     320   67065  3213296  47.80
1878-1879       15      0.00445  0.00444  0.50   66903     297   66755  3146231  47.03
1878-1879       16      0.00457  0.00456  0.52   66605     303   66458  3079476  46.23
1878-1879       17      0.00509  0.00508  0.51   66302     337   66138  3013018  45.44
1878-1879       18      0.00547  0.00546  0.51   65965     360   65789  2946880  44.67
1878-1879       19      0.00562  0.00560  0.52   65605     367   65429  2881091  43.92
1878-1879       20      0.00682  0.00680  0.51   65238     443   65022  2815662  43.16
1878-1879       21      0.00712  0.00709  0.51   64794     459   64569  2750641  42.45
1878-1879       22      0.00790  0.00787  0.50   64335     506   64081  2686071  41.75
1878-1879       23      0.00738  0.00736  0.50   63829     470   63595  2621991  41.08
1878-1879       24      0.00709  0.00707  0.51   63359     448   63139  2558396  40.38
1878-1879       25      0.00793  0.00790  0.50   62912     497   62665  2495257  39.66
1878-1879       26      0.00744  0.00741  0.51   62415     463   62186  2432593  38.97
1878-1879       27      0.00762  0.00759  0.51   61952     470   61720  2370407  38.26
1878-1879       28      0.00784  0.00781  0.51   61482     480   61246  2308687  37.55
1878-1879       29      0.00761  0.00759  0.50   61002     463   60770  2247441  36.84
1878-1879       30      0.00739  0.00736  0.50   60539     446   60316  2186671  36.12
1878-1879       31      0.00727  0.00724  0.50   60093     435   59877  2126355  35.38
1878-1879       32      0.00812  0.00809  0.51   59658     483   59421  2066478  34.64
1878-1879       33      0.00777  0.00774  0.51   59175     458   58951  2007057  33.92
1878-1879       34      0.00810  0.00807  0.51   58717     474   58484  1948106  33.18
1878-1879       35      0.00787  0.00784  0.50   58244     457   58018  1889623  32.44
1878-1879       36      0.00795  0.00792  0.51   57787     458   57561  1831605  31.70
1878-1879       37      0.00960  0.00956  0.51   57329     548   57061  1774045  30.94
1878-1879       38      0.01309  0.01302  0.55   56781     739   56452  1716983  30.24
1878-1879       39      0.01776  0.01760  0.51   56042     987   55554  1660531  29.63
1878-1879       40      0.01582  0.01569  0.47   55055     864   54594  1604977  29.15
1878-1879       41      0.00923  0.00919  0.52   54192     498   53953  1550382  28.61
1878-1879       42      0.00942  0.00938  0.51   53694     504   53449  1496430  27.87
1878-1879       43      0.00914  0.00910  0.51   53190     484   52954  1442981  27.13
1878-1879       44      0.00965  0.00961  0.50   52706     506   52454  1390027  26.37
1878-1879       45      0.01059  0.01054  0.51   52200     550   51933  1337573  25.62
1878-1879       46      0.01178  0.01171  0.50   51650     605   51347  1285640  24.89
1878-1879       47      0.01162  0.01156  0.52   51045     590   50765  1234294  24.18
1878-1879       48      0.01130  0.01124  0.51   50455     567   50180  1183529  23.46
1878-1879       49      0.01302  0.01294  0.53   49888     645   49584  1133350  22.72
1878-1879       50      0.01463  0.01452  0.50   49243     715   48888  1083765  22.01
1878-1879       51      0.01443  0.01433  0.52   48528     696   48193  1034877  21.33
1878-1879       52      0.01568  0.01556  0.52   47832     744   47475   986685  20.63
1878-1879       53      0.01613  0.01601  0.52   47088     754   46726   939210  19.95
1878-1879       54      0.01568  0.01556  0.51   46334     721   45983   892484  19.26
1878-1879       55      0.01761  0.01746  0.51   45613     796   45219   846501  18.56
1878-1879       56      0.01819  0.01803  0.51   44817     808   44423   801282  17.88
1878-1879       57      0.01966  0.01948  0.51   44008     857   43589   756859  17.20
1878-1879       58      0.02236  0.02212  0.51   43151     955   42683   713270  16.53
1878-1879       59      0.02380  0.02353  0.51   42197     993   41706   670587  15.89
1878-1879       60      0.02705  0.02670  0.51   41204    1100   40669   628882  15.26
1878-1879       61      0.02839  0.02800  0.51   40104    1123   39550   588212  14.67
1878-1879       62      0.02962  0.02920  0.51   38981    1138   38429   548663  14.08
1878-1879       63      0.03096  0.03049  0.50   37843    1154   37265   510234  13.48
1878-1879       64      0.03327  0.03273  0.50   36689    1201   36094   472968  12.89
1878-1879       65      0.03556  0.03495  0.51   35488    1240   34881   436875  12.31
1878-1879       66      0.03695  0.03628  0.50   34248    1243   33627   401994  11.74
1878-1879       67      0.04055  0.03976  0.51   33005    1312   32357   368366  11.16
1878-1879       68      0.04493  0.04394  0.50   31693    1393   30999   336009  10.60
1878-1879       69      0.04899  0.04784  0.51   30300    1450   29591   305011  10.07
1878-1879       70      0.05634  0.05483  0.51   28851    1582   28078   275420   9.55
1878-1879       71      0.05881  0.05714  0.50   27269    1558   26496   247342   9.07
1878-1879       72      0.06329  0.06138  0.51   25711    1578   24934   220847   8.59
1878-1879       73      0.06823  0.06602  0.51   24133    1593   23350   195912   8.12
1878-1879       74      0.07932  0.07636  0.51   22539    1721   21700   172562   7.66
1878-1879       75      0.08271  0.07950  0.51   20818    1655   20009   150862   7.25
1878-1879       76      0.09039  0.08655  0.51   19163    1659   18348   130853   6.83
1878-1879       77      0.09957  0.09486  0.50   17505    1660   16677   112504   6.43
1878-1879       78      0.10660  0.10123  0.50   15844    1604   15047    95828   6.05
1878-1879       79      0.12566  0.11825  0.50   14240    1684   13400    80781   5.67
1878-1879       80      0.12755  0.11992  0.50   12556    1506   11806    67381   5.37
1878-1879       81      0.13389  0.12560  0.51   11051    1388   10367    55575   5.03
1878-1879       82      0.15773  0.14654  0.52    9663    1416    8977    45208   4.68
1878-1879       83      0.17536  0.16145  0.51    8247    1331    7592    36232   4.39
1878-1879       84      0.17835  0.16385  0.50    6915    1133    6353    28639   4.14
1878-1879       85      0.20865  0.18925  0.51    5782    1094    5245    22286   3.85
1878-1879       86      0.22601  0.20334  0.51    4688     953    4218    17041   3.64
1878-1879       87      0.23415  0.20959  0.50    3735     783    3343    12824   3.43
1878-1879       88      0.26152  0.23156  0.51    2952     684    2614     9481   3.21
1878-1879       89      0.29077  0.25419  0.50    2268     577    1983     6867   3.03
1878-1879       90      0.31907  0.27531  0.50    1692     466    1460     4884   2.89
1878-1879       91      0.31835  0.27434  0.50    1226     336    1057     3425   2.79
1878-1879       92      0.34427  0.29443  0.51     890     262     761     2368   2.66
1878-1879       93      0.35482  0.30123  0.50     628     189     533     1607   2.56
1878-1879       94      0.38553  0.32332  0.50     439     142     368     1074   2.45
1878-1879       95      0.36847  0.31070  0.50     297      92     250      706   2.38
1878-1879       96      0.48006  0.39015  0.52     205      80     166      456   2.23
1878-1879       97      0.34327  0.29193  0.49     125      36     106      290   2.32
1878-1879       98      0.60705  0.46491  0.50      88      41      68      184   2.08
1878-1879       99      0.39913  0.32787  0.46      47      15      39      116   2.45
1878-1879      100      0.34543  0.29268  0.48      32       9      27       77   2.43
1878-1879      101      0.45714  0.37931  0.55      22       9      19       50   2.24
1878-1879      102      0.41807  0.33333  0.39      14       5      11       32   2.26
1878-1879      103      0.39883  0.33333  0.51       9       3       8       20   2.20
1878-1879      104      0.29956  0.25000  0.34       6       2       5       13   2.05
1878-1879      105      0.91769  0.66667  0.59       5       3       3        8   1.62
1878-1879      106      0.59825  0.50000  0.67       2       1       1        4   2.67
1878-1879      107      0.00000  0.00000  0.50       1       0       1        3   3.67
1878-1879      108      0.00000  0.00000  0.50       1       0       1        2   2.67
1878-1879      109      0.00000  0.00000  0.50       1       0       1        1   1.67
1878-1879      110+     1.48431  1.00000  0.67       1       1       1        1   0.67
1880-1889        0      0.17702  0.15765  0.31  100000   15765   89056  4332626  43.33
1880-1889        1      0.06043  0.05858  0.48   84235    4934   81651  4243570  50.38
1880-1889        2      0.03571  0.03509  0.50   79301    2783   77915  4161919  52.48
1880-1889        3      0.02556  0.02524  0.50   76518    1931   75553  4084005  53.37
1880-1889        4      0.01850  0.01833  0.50   74587    1367   73902  4008451  53.74
1880-1889        5      0.01352  0.01343  0.50   73220     983   72728  3934549  53.74
1880-1889        6      0.01013  0.01008  0.50   72237     728   71872  3861821  53.46
1880-1889        7      0.00778  0.00775  0.50   71509     554   71233  3789949  53.00
1880-1889        8      0.00667  0.00665  0.50   70955     472   70720  3718716  52.41
1880-1889        9      0.00603  0.00601  0.51   70483     423   70274  3647996  51.76
1880-1889       10      0.00555  0.00553  0.51   70059     388   69869  3577722  51.07
1880-1889       11      0.00503  0.00502  0.51   69671     349   69500  3507853  50.35
1880-1889       12      0.00465  0.00464  0.51   69322     322   69163  3438353  49.60
1880-1889       13      0.00444  0.00443  0.51   69001     306   68850  3369189  48.83
1880-1889       14      0.00446  0.00445  0.51   68695     305   68544  3300339  48.04
1880-1889       15      0.00482  0.00481  0.51   68389     329   68228  3231795  47.26
1880-1889       16      0.00563  0.00561  0.51   68060     382   67873  3163566  46.48
1880-1889       17      0.00587  0.00586  0.51   67678     396   67485  3095693  45.74
1880-1889       18      0.00629  0.00627  0.51   67282     422   67076  3028209  45.01
1880-1889       19      0.00661  0.00659  0.51   66860     441   66643  2961133  44.29
1880-1889       20      0.00716  0.00713  0.50   66419     474   66184  2894490  43.58
1880-1889       21      0.00724  0.00721  0.50   65945     476   65710  2828306  42.89
1880-1889       22      0.00761  0.00759  0.50   65470     497   65224  2762597  42.20
1880-1889       23      0.00738  0.00735  0.50   64973     478   64737  2697373  41.52
1880-1889       24      0.00727  0.00724  0.50   64496     467   64264  2632636  40.82
1880-1889       25      0.00753  0.00751  0.50   64029     481   63790  2568373  40.11
1880-1889       26      0.00769  0.00766  0.50   63548     487   63306  2504583  39.41
1880-1889       27      0.00779  0.00776  0.50   63062     489   62818  2441277  38.71
1880-1889       28      0.00909  0.00905  0.53   62572     566   62304  2378459  38.01
1880-1889       29      0.00993  0.00988  0.50   62006     613   61702  2316155  37.35
1880-1889       30      0.01046  0.01041  0.51   61393     639   61078  2254453  36.72
1880-1889       31      0.01052  0.01047  0.51   60754     636   60442  2193375  36.10
1880-1889       32      0.01034  0.01029  0.51   60118     618   59813  2132932  35.48
1880-1889       33      0.00999  0.00994  0.51   59500     592   59212  2073119  34.84
1880-1889       34      0.00998  0.00993  0.51   58908     585   58620  2013907  34.19
1880-1889       35      0.00986  0.00982  0.51   58323     572   58040  1955288  33.53
1880-1889       36      0.00996  0.00991  0.51   57750     572   57469  1897248  32.85
1880-1889       37      0.01003  0.00998  0.51   57178     571   56898  1839779  32.18
1880-1889       38      0.00945  0.00941  0.49   56607     532   56338  1782881  31.50
1880-1889       39      0.00811  0.00808  0.52   56075     453   55857  1726543  30.79
1880-1889       40      0.00888  0.00884  0.51   55622     492   55380  1670685  30.04
1880-1889       41      0.00853  0.00849  0.51   55130     468   54903  1615305  29.30
1880-1889       42      0.00891  0.00887  0.51   54662     485   54424  1560402  28.55
1880-1889       43      0.00936  0.00932  0.51   54178     505   53930  1505978  27.80
1880-1889       44      0.00964  0.00959  0.51   53673     515   53420  1452048  27.05
1880-1889       45      0.00992  0.00987  0.51   53158     525   52899  1398628  26.31
1880-1889       46      0.01054  0.01049  0.52   52633     552   52366  1345729  25.57
1880-1889       47      0.01028  0.01023  0.51   52081     533   51820  1293363  24.83
1880-1889       48      0.01113  0.01107  0.51   51548     571   51268  1241543  24.09
1880-1889       49      0.01152  0.01145  0.51   50978     584   50690  1190275  23.35
1880-1889       50      0.01266  0.01258  0.51   50394     634   50080  1139585  22.61
1880-1889       51      0.01337  0.01328  0.50   49760     661   49432  1089505  21.90
1880-1889       52      0.01420  0.01410  0.51   49099     692   48759  1040073  21.18
1880-1889       53      0.01481  0.01470  0.51   48407     712   48058   991314  20.48
1880-1889       54      0.01613  0.01601  0.51   47695     763   47319   943256  19.78
1880-1889       55      0.01705  0.01691  0.51   46932     793   46542   895937  19.09
1880-1889       56      0.01831  0.01815  0.50   46138     837   45723   849394  18.41
1880-1889       57      0.01982  0.01963  0.51   45301     889   44863   803671  17.74
1880-1889       58      0.02063  0.02042  0.50   44412     907   43959   758808  17.09
1880-1889       59      0.02206  0.02182  0.51   43505     949   43035   714849  16.43
1880-1889       60      0.02364  0.02337  0.50   42556     995   42062   671814  15.79
1880-1889       61      0.02527  0.02496  0.50   41561    1037   41047   629752  15.15
1880-1889       62      0.02661  0.02626  0.50   40524    1064   39994   588704  14.53
1880-1889       63      0.02859  0.02819  0.51   39460    1112   38910   548711  13.91
1880-1889       64      0.03143  0.03095  0.51   38347    1187   37761   509801  13.29
1880-1889       65      0.03325  0.03271  0.51   37161    1215   36561   472039  12.70
1880-1889       66      0.03646  0.03582  0.51   35945    1288   35308   435478  12.12
1880-1889       67      0.03895  0.03822  0.51   34658    1325   34005   400170  11.55
1880-1889       68      0.04166  0.04081  0.50   33333    1360   32659   366165  10.99
1880-1889       69      0.04623  0.04519  0.51   31972    1445   31259   333506  10.43
1880-1889       70      0.04961  0.04842  0.50   30528    1478   29793   302246   9.90
1880-1889       71      0.05447  0.05305  0.51   29049    1541   28291   272453   9.38
1880-1889       72      0.06011  0.05837  0.50   27508    1606   26712   244162   8.88
1880-1889       73      0.06544  0.06339  0.51   25903    1642   25090   217450   8.39
1880-1889       74      0.07008  0.06774  0.51   24261    1643   23451   192360   7.93
1880-1889       75      0.07968  0.07664  0.50   22618    1734   21757   168909   7.47
1880-1889       76      0.08812  0.08444  0.50   20884    1763   20011   147151   7.05
1880-1889       77      0.09621  0.09182  0.50   19121    1756   18250   127140   6.65
1880-1889       78      0.10530  0.10010  0.51   17365    1738   16507   108891   6.27
1880-1889       79      0.11715  0.11073  0.51   15627    1730   14770    92384   5.91
1880-1889       80      0.12928  0.12152  0.51   13896    1689   13062    77613   5.59
1880-1889       81      0.13934  0.13031  0.50   12208    1591   11417    64551   5.29
1880-1889       82      0.15048  0.13993  0.50   10617    1486    9873    53134   5.00
1880-1889       83      0.16442  0.15203  0.50    9131    1388    8443    43261   4.74
1880-1889       84      0.17618  0.16200  0.50    7743    1254    7120    34818   4.50
1880-1889       85      0.19133  0.17458  0.50    6489    1133    5921    27698   4.27
1880-1889       86      0.20634  0.18714  0.50    5356    1002    4858    21778   4.07
1880-1889       87      0.22065  0.19880  0.50    4354     866    3923    16920   3.89
1880-1889       88      0.23038  0.20649  0.50    3488     720    3126    12998   3.73
1880-1889       89      0.24182  0.21570  0.50    2768     597    2469     9871   3.57
1880-1889       90      0.25093  0.22303  0.50    2171     484    1929     7402   3.41
1880-1889       91      0.26499  0.23423  0.50    1687     395    1491     5473   3.24
1880-1889       92      0.28774  0.25143  0.50    1292     325    1129     3982   3.08
1880-1889       93      0.29871  0.25978  0.50     967     251     841     2853   2.95
1880-1889       94      0.32010  0.27601  0.50     716     198     617     2013   2.81
1880-1889       95      0.32828  0.28201  0.50     518     146     445     1396   2.69
1880-1889       96      0.34619  0.29428  0.49     372     109     316      950   2.55
1880-1889       97      0.35887  0.30388  0.50     263      80     222      634   2.42
1880-1889       98      0.40496  0.33711  0.50     183      62     152      412   2.25
1880-1889       99      0.42870  0.35488  0.51     121      43     100      260   2.14
1880-1889      100      0.44800  0.36484  0.49      78      29      64      159   2.04
1880-1889      101      0.50804  0.40774  0.52      50      20      40       96   1.93
1880-1889      102      0.44734  0.36683  0.51      29      11      24       56   1.90
1880-1889      103      0.50414  0.40476  0.51      19       8      15       32   1.71
1880-1889      104      0.68160  0.50667  0.49      11       6       8       17   1.52
1880-1889      105      0.59903  0.45946  0.49       5       3       4        9   1.58
1880-1889      106      0.65102  0.50000  0.54       3       1       2        4   1.50
1880-1889      107      0.89872  0.60000  0.45       1       1       1        2   1.47
1880-1889      108      0.27226  0.25000  0.67       1       0       1        1   2.00
1880-1889      109      1.19605  0.66667  0.34       0       0       0        1   1.45
1880-1889      110+     0.37460  1.00000  2.67       0       0       0        0   2.67
1890-1899        0      0.14942  0.13538  0.31  100000   13538   90602  4587725  45.88
1890-1899        1      0.05445  0.05294  0.48   86462    4577   84066  4497124  52.01
1890-1899        2      0.02975  0.02931  0.50   81885    2400   80673  4413058  53.89
1890-1899        3      0.02061  0.02040  0.50   79485    1622   78669  4332384  54.51
1890-1899        4      0.01482  0.01471  0.50   77863    1146   77288  4253715  54.63
1890-1899        5      0.01187  0.01180  0.50   76717     905   76269  4176428  54.44
1890-1899        6      0.00932  0.00927  0.51   75812     703   75464  4100159  54.08
1890-1899        7      0.00837  0.00833  0.51   75109     626   74800  4024695  53.58
1890-1899        8      0.00737  0.00734  0.51   74483     547   74213  3949895  53.03
1890-1899        9      0.00623  0.00621  0.50   73936     459   73708  3875682  52.42
1890-1899       10      0.00553  0.00551  0.51   73477     405   73277  3801974  51.74
1890-1899       11      0.00479  0.00478  0.51   73072     349   72900  3728698  51.03
1890-1899       12      0.00464  0.00463  0.51   72723     337   72557  3655798  50.27
1890-1899       13      0.00465  0.00464  0.51   72386     336   72220  3583241  49.50
1890-1899       14      0.00450  0.00449  0.51   72050     324   71891  3511021  48.73
1890-1899       15      0.00503  0.00501  0.51   71726     360   71550  3439130  47.95
1890-1899       16      0.00546  0.00545  0.51   71367     389   71177  3367579  47.19
1890-1899       17      0.00622  0.00620  0.51   70978     440   70762  3296403  46.44
1890-1899       18      0.00823  0.00820  0.54   70538     578   70270  3225640  45.73
1890-1899       19      0.00962  0.00957  0.51   69960     670   69634  3155370  45.10
1890-1899       20      0.01129  0.01123  0.52   69290     778   68916  3085736  44.53
1890-1899       21      0.01161  0.01154  0.52   68512     791   68129  3016821  44.03
1890-1899       22      0.01171  0.01164  0.51   67721     788   67337  2948692  43.54
1890-1899       23      0.01102  0.01096  0.51   66933     733   66575  2881354  43.05
1890-1899       24      0.01047  0.01042  0.51   66200     690   65860  2814780  42.52
1890-1899       25      0.01040  0.01035  0.51   65510     678   65180  2748920  41.96
1890-1899       26      0.01034  0.01029  0.51   64832     667   64507  2683740  41.40
1890-1899       27      0.01013  0.01008  0.51   64165     647   63850  2619233  40.82
1890-1899       28      0.00890  0.00886  0.49   63518     563   63234  2555383  40.23
1890-1899       29      0.00748  0.00745  0.51   62956     469   62726  2492149  39.59
1890-1899       30      0.00749  0.00746  0.50   62486     466   62255  2429422  38.88
1890-1899       31      0.00726  0.00723  0.51   62020     449   61800  2367167  38.17
1890-1899       32      0.00726  0.00723  0.51   61572     445   61353  2305367  37.44
1890-1899       33      0.00719  0.00716  0.51   61126     438   60912  2244014  36.71
1890-1899       34      0.00672  0.00670  0.51   60688     407   60488  2183103  35.97
1890-1899       35      0.00716  0.00714  0.51   60282     430   60069  2122615  35.21
1890-1899       36      0.00729  0.00727  0.51   59852     435   59639  2062546  34.46
1890-1899       37      0.00723  0.00720  0.50   59417     428   59204  2002907  33.71
1890-1899       38      0.00744  0.00742  0.51   58989     438   58776  1943702  32.95
1890-1899       39      0.00735  0.00732  0.51   58551     429   58340  1884927  32.19
1890-1899       40      0.00823  0.00820  0.51   58122     477   57891  1826587  31.43
1890-1899       41      0.00870  0.00866  0.52   57646     499   57407  1768696  30.68
1890-1899       42      0.00905  0.00901  0.51   57146     515   56895  1711289  29.95
1890-1899       43      0.00927  0.00923  0.51   56632     523   56374  1654395  29.21
1890-1899       44      0.00901  0.00897  0.51   56109     503   55861  1598020  28.48
1890-1899       45      0.00946  0.00942  0.50   55606     524   55346  1542160  27.73
1890-1899       46      0.00940  0.00936  0.50   55082     516   54825  1486814  26.99
1890-1899       47      0.00969  0.00965  0.51   54567     526   54307  1431988  26.24
1890-1899       48      0.01021  0.01016  0.51   54040     549   53771  1377681  25.49
1890-1899       49      0.01090  0.01084  0.50   53491     580   53203  1323911  24.75
1890-1899       50      0.01097  0.01091  0.51   52911     577   52626  1270708  24.02
1890-1899       51      0.01181  0.01174  0.51   52334     614   52031  1218082  23.28
1890-1899       52      0.01191  0.01184  0.51   51720     612   51419  1166051  22.55
1890-1899       53      0.01296  0.01288  0.50   51108     658   50779  1114632  21.81
1890-1899       54      0.01378  0.01369  0.50   50449     691   50104  1063853  21.09
1890-1899       55      0.01438  0.01428  0.50   49759     710   49406  1013749  20.37
1890-1899       56      0.01498  0.01487  0.50   49049     730   48686   964343  19.66
1890-1899       57      0.01607  0.01595  0.50   48319     771   47937   915657  18.95
1890-1899       58      0.01693  0.01679  0.50   47548     798   47153   867721  18.25
1890-1899       59      0.01811  0.01795  0.51   46750     839   46336   820568  17.55
1890-1899       60      0.01975  0.01956  0.50   45911     898   45465   774232  16.86
1890-1899       61      0.02120  0.02098  0.51   45013     944   44547   728767  16.19
1890-1899       62      0.02289  0.02263  0.50   44069     997   43571   684221  15.53
1890-1899       63      0.02479  0.02448  0.50   43071    1055   42546   640649  14.87
1890-1899       64      0.02725  0.02688  0.50   42017    1130   41457   598103  14.23
1890-1899       65      0.02936  0.02894  0.51   40887    1183   40304   556646  13.61
1890-1899       66      0.03237  0.03186  0.50   39704    1265   39077   516343  13.00
1890-1899       67      0.03603  0.03540  0.50   38439    1361   37765   477266  12.42
1890-1899       68      0.03934  0.03859  0.50   37078    1431   36370   439500  11.85
1890-1899       69      0.04257  0.04169  0.50   35647    1486   34908   403131  11.31
1890-1899       70      0.04730  0.04622  0.50   34161    1579   33379   368223  10.78
1890-1899       71      0.05174  0.05045  0.51   32582    1644   31771   334844  10.28
1890-1899       72      0.05662  0.05507  0.50   30938    1704   30091   303073   9.80
1890-1899       73      0.06093  0.05913  0.50   29235    1729   28375   272982   9.34
1890-1899       74      0.06693  0.06477  0.50   27506    1782   26617   244607   8.89
1890-1899       75      0.07111  0.06869  0.50   25724    1767   24846   217990   8.47
1890-1899       76      0.07661  0.07381  0.50   23958    1768   23081   193144   8.06
1890-1899       77      0.08482  0.08140  0.50   22189    1806   21295   170063   7.66
1890-1899       78      0.08993  0.08609  0.50   20383    1755   19512   148768   7.30
1890-1899       79      0.09748  0.09294  0.50   18628    1731   17762   129256   6.94
1890-1899       80      0.10232  0.09738  0.50   16897    1645   16080   111495   6.60
1890-1899       81      0.10975  0.10407  0.50   15252    1587   14463    95414   6.26
1890-1899       82      0.11858  0.11200  0.50   13664    1530   12906    80952   5.92
1890-1899       83      0.12673  0.11923  0.50   12134    1447   11416    68046   5.61
1890-1899       84      0.13578  0.12722  0.50   10687    1360   10013    56630   5.30
1890-1899       85      0.14502  0.13526  0.50    9328    1262    8700    46617   5.00
1890-1899       86      0.15599  0.14478  0.50    8066    1168    7486    37917   4.70
1890-1899       87      0.16668  0.15396  0.50    6898    1062    6372    30431   4.41
1890-1899       88      0.18647  0.17071  0.50    5836     996    5343    24059   4.12
1890-1899       89      0.20076  0.18265  0.51    4840     884    4403    18716   3.87
1890-1899       90      0.21855  0.19728  0.51    3956     780    3571    14313   3.62
1890-1899       91      0.23959  0.21408  0.50    3175     680    2837    10742   3.38
1890-1899       92      0.25346  0.22526  0.51    2496     562    2218     7905   3.17
1890-1899       93      0.28252  0.24759  0.50    1933     479    1694     5687   2.94
1890-1899       94      0.31896  0.27519  0.50    1455     400    1255     3992   2.74
1890-1899       95      0.33810  0.28933  0.50    1054     305     902     2737   2.60
1890-1899       96      0.36723  0.31003  0.50     749     232     633     1835   2.45
1890-1899       97      0.38140  0.31977  0.49     517     165     433     1202   2.33
1890-1899       98      0.40549  0.33638  0.49     352     118     292      769   2.19
1890-1899       99      0.44015  0.36051  0.50     233      84     191      477   2.04
1890-1899      100      0.49508  0.39587  0.49     149      59     119      286   1.92
1890-1899      101      0.48915  0.39079  0.49      90      35      72      167   1.85
1890-1899      102      0.56507  0.44146  0.50      55      24      43       95   1.72
1890-1899      103      0.55618  0.43231  0.48      31      13      24       52   1.68
1890-1899      104      0.63565  0.47692  0.48      17       8      13       28   1.60
1890-1899      105      0.70776  0.51471  0.47       9       5       7       15   1.62
1890-1899      106      0.44941  0.36364  0.48       4       2       4        8   1.84
1890-1899      107      0.65090  0.47619  0.44       3       1       2        5   1.62
1890-1899      108      0.44375  0.36364  0.50       1       1       1        3   1.70
1890-1899      109      0.52893  0.42857  0.56       1       0       1        1   1.38
1890-1899      110+     0.99753  1.00000  1.00       1       1       1        1   1.00
1900-1909        0      0.13918  0.12692  0.31  100000   12692   91189  4988956  49.89
1900-1909        1      0.04508  0.04404  0.48   87308    3845   85290  4897767  56.10
1900-1909        2      0.02233  0.02209  0.50   83463    1843   82537  4812477  57.66
1900-1909        3      0.01651  0.01637  0.50   81620    1336   80949  4729940  57.95
1900-1909        4      0.01112  0.01106  0.50   80284     888   79838  4648991  57.91
1900-1909        5      0.00932  0.00928  0.50   79396     737   79027  4569153  57.55
1900-1909        6      0.00732  0.00729  0.50   78659     574   78373  4490125  57.08
1900-1909        7      0.00592  0.00591  0.50   78086     461   77856  4411752  56.50
1900-1909        8      0.00528  0.00527  0.50   77624     409   77421  4333896  55.83
1900-1909        9      0.00496  0.00495  0.50   77216     382   77026  4256475  55.12
1900-1909       10      0.00500  0.00499  0.50   76833     383   76643  4179449  54.40
1900-1909       11      0.00453  0.00452  0.50   76450     346   76278  4102807  53.67
1900-1909       12      0.00430  0.00429  0.50   76105     326   75943  4026529  52.91
1900-1909       13      0.00422  0.00421  0.51   75778     319   75622  3950586  52.13
1900-1909       14      0.00451  0.00450  0.51   75459     340   75292  3874965  51.35
1900-1909       15      0.00518  0.00516  0.52   75119     388   74931  3799673  50.58
1900-1909       16      0.00614  0.00612  0.52   74731     457   74511  3724742  49.84
1900-1909       17      0.00720  0.00718  0.52   74274     533   74017  3650231  49.15
1900-1909       18      0.00725  0.00722  0.49   73741     532   73470  3576214  48.50
1900-1909       19      0.00673  0.00671  0.52   73208     491   72971  3502743  47.85
1900-1909       20      0.00851  0.00848  0.52   72717     617   72420  3429772  47.17
1900-1909       21      0.00773  0.00770  0.51   72101     555   71828  3357353  46.56
1900-1909       22      0.00748  0.00745  0.51   71545     533   71286  3285525  45.92
1900-1909       23      0.00742  0.00739  0.51   71012     525   70757  3214239  45.26
1900-1909       24      0.00714  0.00711  0.50   70487     501   70239  3143482  44.60
1900-1909       25      0.00715  0.00713  0.51   69986     499   69739  3073244  43.91
1900-1909       26      0.00669  0.00667  0.51   69487     463   69261  3003504  43.22
1900-1909       27      0.00650  0.00648  0.51   69024     447   68803  2934244  42.51
1900-1909       28      0.00618  0.00617  0.51   68577     423   68370  2865441  41.78
1900-1909       29      0.00616  0.00614  0.51   68154     418   67949  2797071  41.04
1900-1909       30      0.00809  0.00806  0.52   67736     546   67476  2729122  40.29
1900-1909       31      0.00821  0.00818  0.53   67190     549   66932  2661646  39.61
1900-1909       32      0.00930  0.00926  0.51   66640     617   66336  2594713  38.94
1900-1909       33      0.00943  0.00938  0.51   66023     620   65717  2528377  38.30
1900-1909       34      0.00951  0.00947  0.51   65404     619   65099  2462661  37.65
1900-1909       35      0.00928  0.00924  0.51   64785     599   64493  2397562  37.01
1900-1909       36      0.00936  0.00932  0.51   64186     598   63891  2333069  36.35
1900-1909       37      0.00907  0.00903  0.50   63588     574   63301  2269177  35.69
1900-1909       38      0.00840  0.00837  0.50   63014     527   62752  2205876  35.01
1900-1909       39      0.00819  0.00815  0.50   62487     509   62234  2143124  34.30
1900-1909       40      0.00726  0.00723  0.49   61977     448   61748  2080890  33.58
1900-1909       41      0.00689  0.00687  0.49   61529     423   61315  2019141  32.82
1900-1909       42      0.00649  0.00646  0.50   61106     395   60908  1957827  32.04
1900-1909       43      0.00624  0.00622  0.51   60711     378   60525  1896919  31.24
1900-1909       44      0.00604  0.00602  0.51   60333     363   60154  1836394  30.44
1900-1909       45      0.00630  0.00628  0.50   59970     377   59783  1776240  29.62
1900-1909       46      0.00650  0.00648  0.50   59594     386   59399  1716457  28.80
1900-1909       47      0.00665  0.00663  0.50   59207     393   59011  1657058  27.99
1900-1909       48      0.00727  0.00725  0.50   58815     426   58602  1598047  27.17
1900-1909       49      0.00765  0.00762  0.50   58388     445   58166  1539446  26.37
1900-1909       50      0.00804  0.00801  0.50   57943     464   57712  1481279  25.56
1900-1909       51      0.00848  0.00845  0.50   57479     486   57238  1423567  24.77
1900-1909       52      0.00932  0.00928  0.50   56993     529   56729  1366330  23.97
1900-1909       53      0.01015  0.01010  0.50   56465     570   56180  1309601  23.19
1900-1909       54      0.01120  0.01114  0.50   55895     623   55584  1253421  22.42
1900-1909       55      0.01214  0.01207  0.50   55272     667   54940  1197838  21.67
1900-1909       56      0.01292  0.01284  0.50   54605     701   54254  1142897  20.93
1900-1909       57      0.01425  0.01415  0.50   53904     763   53525  1088643  20.20
1900-1909       58      0.01552  0.01540  0.50   53141     818   52735  1035118  19.48
1900-1909       59      0.01736  0.01722  0.50   52323     901   51875   982383  18.78
1900-1909       60      0.01833  0.01816  0.50   51422     934   50958   930508  18.10
1900-1909       61      0.02005  0.01985  0.50   50488    1002   49991   879550  17.42
1900-1909       62      0.02202  0.02178  0.50   49486    1078   48948   829559  16.76
1900-1909       63      0.02402  0.02374  0.50   48408    1149   47836   780611  16.13
1900-1909       64      0.02549  0.02517  0.50   47259    1189   46668   732775  15.51
1900-1909       65      0.02767  0.02729  0.50   46070    1257   45445   686107  14.89
1900-1909       66      0.02952  0.02909  0.50   44812    1304   44163   640662  14.30
1900-1909       67      0.03182  0.03132  0.50   43509    1363   42829   596499  13.71
1900-1909       68      0.03344  0.03290  0.50   42146    1386   41455   553670  13.14
1900-1909       69      0.03653  0.03588  0.50   40760    1462   40033   512215  12.57
1900-1909       70      0.03880  0.03806  0.50   39297    1496   38553   472182  12.02
1900-1909       71      0.04175  0.04090  0.50   37801    1546   37034   433629  11.47
1900-1909       72      0.04469  0.04372  0.50   36255    1585   35469   396595  10.94
1900-1909       73      0.04828  0.04715  0.50   34670    1635   33856   361126  10.42
1900-1909       74      0.05154  0.05025  0.50   33036    1660   32210   327270   9.91
1900-1909       75      0.05636  0.05483  0.50   31376    1720   30521   295060   9.40
1900-1909       76      0.06090  0.05912  0.50   29655    1753   28785   264539   8.92
1900-1909       77      0.06526  0.06322  0.50   27902    1764   27028   235754   8.45
1900-1909       78      0.07037  0.06799  0.50   26138    1777   25255   208726   7.99
1900-1909       79      0.07632  0.07354  0.50   24361    1791   23472   183471   7.53
1900-1909       80      0.08566  0.08218  0.51   22570    1855   21652   159999   7.09
1900-1909       81      0.09195  0.08793  0.50   20715    1821   19809   138347   6.68
1900-1909       82      0.10128  0.09644  0.50   18893    1822   17990   118538   6.27
1900-1909       83      0.11161  0.10576  0.50   17071    1805   16177   100548   5.89
1900-1909       84      0.12204  0.11506  0.50   15266    1757   14394    84371   5.53
1900-1909       85      0.13423  0.12583  0.50   13509    1700   12664    69978   5.18
1900-1909       86      0.14664  0.13670  0.50   11809    1614   11009    57314   4.85
1900-1909       87      0.16083  0.14898  0.51   10195    1519    9444    46305   4.54
1900-1909       88      0.17531  0.16120  0.50    8676    1399    7978    36862   4.25
1900-1909       89      0.19357  0.17655  0.50    7278    1285    6638    28883   3.97
1900-1909       90      0.21144  0.19141  0.50    5993    1147    5425    22246   3.71
1900-1909       91      0.22583  0.20313  0.51    4846     984    4359    16821   3.47
1900-1909       92      0.25988  0.23026  0.50    3861     889    3421    12463   3.23
1900-1909       93      0.27077  0.23887  0.51    2972     710    2622     9041   3.04
1900-1909       94      0.30501  0.26479  0.50    2262     599    1964     6419   2.84
1900-1909       95      0.31986  0.27602  0.50    1663     459    1435     4455   2.68
1900-1909       96      0.34856  0.29664  0.50    1204     357    1025     3020   2.51
1900-1909       97      0.38035  0.32037  0.51     847     271     713     1995   2.36
1900-1909       98      0.40189  0.33445  0.50     576     193     479     1282   2.23
1900-1909       99      0.41905  0.34658  0.50     383     133     317      802   2.09
1900-1909      100      0.47286  0.38339  0.51     250      96     203      486   1.94
1900-1909      101      0.52262  0.41428  0.50     154      64     122      283   1.83
1900-1909      102      0.51779  0.40955  0.49      90      37      72      160   1.77
1900-1909      103      0.54702  0.42979  0.50      53      23      42       89   1.66
1900-1909      104      0.57901  0.45522  0.53      30      14      24       47   1.54
1900-1909      105      0.65734  0.49315  0.49      17       8      12       23   1.38
1900-1909      106      0.84936  0.59459  0.50       8       5       6       10   1.25
1900-1909      107      0.79527  0.56667  0.49       3       2       2        5   1.35
1900-1909      108      0.59892  0.46154  0.50       1       1       1        2   1.46
1900-1909      109      0.52867  0.42857  0.56       1       0       1        1   1.29
1900-1909      110+     1.19570  1.00000  0.84       0       0       0        0   0.84
1910-1919        0      0.12195  0.11243  0.31  100000   11243   92194  5316608  53.17
1910-1919        1      0.03919  0.03841  0.48   88757    3409   86989  5224413  58.86
1910-1919        2      0.02038  0.02017  0.50   85348    1722   84481  5137424  60.19
1910-1919        3      0.01480  0.01469  0.50   83627    1228   83008  5052943  60.42
1910-1919        4      0.00999  0.00994  0.49   82398     819   81983  4969935  60.32
1910-1919        5      0.00825  0.00821  0.50   81579     670   81242  4887952  59.92
1910-1919        6      0.00636  0.00634  0.49   80909     513   80649  4806711  59.41
1910-1919        7      0.00516  0.00515  0.50   80396     414   80189  4726062  58.78
1910-1919        8      0.00421  0.00420  0.50   79982     336   79813  4645873  58.09
1910-1919        9      0.00332  0.00331  0.50   79646     264   79515  4566060  57.33
1910-1919       10      0.00316  0.00315  0.51   79382     250   79259  4486544  56.52
1910-1919       11      0.00305  0.00305  0.52   79132     241   79015  4407285  55.70
1910-1919       12      0.00315  0.00315  0.51   78891     248   78769  4328270  54.86
1910-1919       13      0.00336  0.00336  0.51   78642     264   78514  4249501  54.04
1910-1919       14      0.00344  0.00344  0.51   78378     269   78247  4170987  53.22
1910-1919       15      0.00392  0.00392  0.51   78109     306   77960  4092740  52.40
1910-1919       16      0.00442  0.00441  0.52   77803     343   77638  4014780  51.60
1910-1919       17      0.00482  0.00480  0.51   77460     372   77278  3937142  50.83
1910-1919       18      0.00527  0.00526  0.51   77088     405   76888  3859864  50.07
1910-1919       19      0.00524  0.00523  0.51   76683     401   76487  3782976  49.33
1910-1919       20      0.00619  0.00618  0.52   76281     471   76054  3706488  48.59
1910-1919       21      0.00864  0.00861  0.55   75810     653   75518  3630435  47.89
1910-1919       22      0.01136  0.01130  0.52   75158     849   74753  3554917  47.30
1910-1919       23      0.01174  0.01167  0.52   74308     867   73888  3480164  46.83
1910-1919       24      0.01228  0.01221  0.52   73441     896   73009  3406276  46.38
1910-1919       25      0.01249  0.01241  0.51   72545     901   72104  3333267  45.95
1910-1919       26      0.01243  0.01235  0.51   71644     885   71207  3261163  45.52
1910-1919       27      0.01223  0.01216  0.50   70759     860   70333  3189956  45.08
1910-1919       28      0.01173  0.01166  0.50   69899     815   69495  3119623  44.63
1910-1919       29      0.01125  0.01119  0.50   69084     773   68699  3050128  44.15
1910-1919       30      0.00885  0.00881  0.48   68311     602   68001  2981429  43.65
1910-1919       31      0.00738  0.00735  0.47   67709     498   67447  2913428  43.03
1910-1919       32      0.00586  0.00584  0.50   67211     393   67015  2845981  42.34
1910-1919       33      0.00507  0.00506  0.50   66818     338   66648  2778966  41.59
1910-1919       34      0.00454  0.00453  0.48   66480     301   66325  2712318  40.80
1910-1919       35      0.00386  0.00385  0.50   66179     255   66052  2645993  39.98
1910-1919       36      0.00373  0.00372  0.50   65924     245   65801  2579941  39.14
1910-1919       37      0.00364  0.00363  0.50   65679     239   65560  2514140  38.28
1910-1919       38      0.00344  0.00343  0.50   65440     225   65329  2448579  37.42
1910-1919       39      0.00343  0.00343  0.50   65216     224   65104  2383251  36.54
1910-1919       40      0.00337  0.00336  0.50   64992     218   64883  2318147  35.67
1910-1919       41      0.00364  0.00363  0.50   64774     235   64655  2253264  34.79
1910-1919       42      0.00388  0.00387  0.51   64538     250   64415  2188609  33.91
1910-1919       43      0.00420  0.00419  0.51   64288     269   64156  2124195  33.04
1910-1919       44      0.00466  0.00465  0.50   64019     298   63871  2060039  32.18
1910-1919       45      0.00493  0.00492  0.50   63722     314   63565  1996168  31.33
1910-1919       46      0.00522  0.00520  0.50   63408     330   63245  1932603  30.48
1910-1919       47      0.00574  0.00573  0.50   63078     361   62899  1869358  29.64
1910-1919       48      0.00628  0.00626  0.51   62717     393   62523  1806459  28.80
1910-1919       49      0.00710  0.00708  0.50   62324     441   62104  1743936  27.98
1910-1919       50      0.00764  0.00761  0.50   61883     471   61647  1681832  27.18
1910-1919       51      0.00848  0.00844  0.50   61412     519   61155  1620186  26.38
1910-1919       52      0.00892  0.00888  0.50   60894     541   60625  1559031  25.60
1910-1919       53      0.00968  0.00964  0.50   60353     582   60064  1498406  24.83
1910-1919       54      0.01042  0.01037  0.50   59771     620   59461  1438342  24.06
1910-1919       55      0.01132  0.01126  0.50   59152     666   58820  1378881  23.31
1910-1919       56      0.01187  0.01180  0.50   58486     690   58142  1320061  22.57
1910-1919       57      0.01285  0.01277  0.50   57796     738   57428  1261919  21.83
1910-1919       58      0.01391  0.01382  0.50   57057     788   56665  1204492  21.11
1910-1919       59      0.01490  0.01479  0.50   56269     832   55852  1147827  20.40
1910-1919       60      0.01576  0.01563  0.50   55437     867   55004  1091975  19.70
1910-1919       61      0.01662  0.01648  0.50   54570     900   54121  1036970  19.00
1910-1919       62      0.01812  0.01796  0.50   53671     964   53189   982849  18.31
1910-1919       63      0.01915  0.01897  0.50   52707    1000   52211   929661  17.64
1910-1919       64      0.02041  0.02021  0.50   51707    1045   51188   877450  16.97
1910-1919       65      0.02180  0.02157  0.50   50662    1093   50118   826262  16.31
1910-1919       66      0.02301  0.02275  0.50   49569    1128   49008   776144  15.66
1910-1919       67      0.02477  0.02447  0.50   48441    1185   47851   727137  15.01
1910-1919       68      0.02692  0.02657  0.50   47256    1256   46631   679286  14.37
1910-1919       69      0.02902  0.02860  0.50   46001    1316   45343   632655  13.75
1910-1919       70      0.03127  0.03079  0.50   44685    1376   43998   587312  13.14
1910-1919       71      0.03433  0.03375  0.50   43309    1462   42581   543314  12.55
1910-1919       72      0.03683  0.03617  0.50   41847    1513   41096   500733  11.97
1910-1919       73      0.04024  0.03945  0.51   40334    1591   39548   459638  11.40
1910-1919       74      0.04342  0.04250  0.50   38743    1647   37923   420089  10.84
1910-1919       75      0.04727  0.04618  0.50   37096    1713   36242   382166  10.30
1910-1919       76      0.05140  0.05012  0.50   35383    1773   34502   345924   9.78
1910-1919       77      0.05616  0.05462  0.50   33609    1836   32692   311422   9.27
1910-1919       78      0.06081  0.05901  0.50   31774    1875   30837   278730   8.77
1910-1919       79      0.06682  0.06469  0.51   29898    1934   28942   247893   8.29
1910-1919       80      0.07166  0.06920  0.50   27964    1935   27006   218951   7.83
1910-1919       81      0.07934  0.07634  0.50   26029    1987   25045   191945   7.37
1910-1919       82      0.08675  0.08318  0.50   24042    2000   23052   166900   6.94
1910-1919       83      0.09727  0.09280  0.50   22042    2045   21029   143848   6.53
1910-1919       84      0.10270  0.09775  0.51   19997    1955   19031   122820   6.14
1910-1919       85      0.11287  0.10692  0.51   18042    1929   17090   103788   5.75
1910-1919       86      0.12553  0.11817  0.50   16113    1904   15170    86698   5.38
1910-1919       87      0.13633  0.12771  0.50   14209    1815   13310    71528   5.03
1910-1919       88      0.14980  0.13950  0.51   12394    1729   11542    58218   4.70
1910-1919       89      0.16524  0.15272  0.50   10665    1629    9857    46676   4.38
1910-1919       90      0.18291  0.16766  0.50    9037    1515    8283    36819   4.07
1910-1919       91      0.20330  0.18456  0.50    7522    1388    6828    28535   3.79
1910-1919       92      0.21999  0.19838  0.50    6133    1217    5531    21707   3.54
1910-1919       93      0.24277  0.21664  0.50    4917    1065    4388    16176   3.29
1910-1919       94      0.26367  0.23302  0.50    3851     897    3404    11789   3.06
1910-1919       95      0.28705  0.25124  0.50    2954     742    2586     8385   2.84
1910-1919       96      0.32213  0.27783  0.51    2212     615    1908     5800   2.62
1910-1919       97      0.35728  0.30352  0.50    1597     485    1357     3892   2.44
1910-1919       98      0.39097  0.32685  0.50    1112     364     930     2535   2.28
1910-1919       99      0.40984  0.33998  0.50     749     255     621     1605   2.14
1910-1919      100      0.46329  0.37533  0.49     494     186     400      984   1.99
1910-1919      101      0.48387  0.38870  0.49     309     120     248      583   1.89
1910-1919      102      0.51500  0.40785  0.49     189      77     149      335   1.78
1910-1919      103      0.57617  0.44842  0.51     112      50      87      186   1.66
1910-1919      104      0.62123  0.47464  0.50      62      29      47       99   1.60
1910-1919      105      0.57066  0.44530  0.51      32      14      25       52   1.59
1910-1919      106      0.70270  0.51293  0.47      18       9      13       26   1.47
1910-1919      107      0.63004  0.48485  0.52       9       4       7       13   1.51
1910-1919      108      0.42885  0.36747  0.61       5       2       4        6   1.44
1910-1919      109      0.73489  0.52381  0.45       3       1       2        3   0.92
1910-1919      110+     2.33514  1.00000  0.43       1       1       1        1   0.43
1920-1929        0      0.10026  0.09374  0.31  100000    9374   93492  6115929  61.16
1920-1929        1      0.02419  0.02389  0.48   90626    2165   89508  6022438  66.45
1920-1929        2      0.01057  0.01051  0.50   88461     930   87993  5932929  67.07
1920-1929        3      0.00681  0.00679  0.51   87531     594   87240  5844936  66.78
1920-1929        4      0.00444  0.00443  0.51   86937     385   86748  5757696  66.23
1920-1929        5      0.00393  0.00392  0.50   86552     340   86384  5670948  65.52
1920-1929        6      0.00338  0.00338  0.51   86212     291   86069  5584564  64.78
1920-1929        7      0.00308  0.00308  0.50   85921     265   85790  5498495  63.99
1920-1929        8      0.00287  0.00287  0.51   85657     245   85537  5412705  63.19
1920-1929        9      0.00252  0.00252  0.51   85411     215   85305  5327169  62.37
1920-1929       10      0.00243  0.00243  0.50   85196     207   85092  5241864  61.53
1920-1929       11      0.00227  0.00227  0.51   84989     193   84895  5156772  60.68
1920-1929       12      0.00226  0.00226  0.50   84796     191   84702  5071878  59.81
1920-1929       13      0.00237  0.00237  0.51   84605     200   84506  4987176  58.95
1920-1929       14      0.00251  0.00251  0.51   84405     212   84301  4902670  58.09
1920-1929       15      0.00317  0.00316  0.51   84193     266   84064  4818368  57.23
1920-1929       16      0.00358  0.00357  0.51   83927     300   83780  4734305  56.41
1920-1929       17      0.00432  0.00431  0.52   83627     361   83453  4650525  55.61
1920-1929       18      0.00586  0.00584  0.53   83266     486   83039  4567072  54.85
1920-1929       19      0.00994  0.00989  0.53   82780     819   82396  4484032  54.17
1920-1929       20      0.01362  0.01353  0.50   81961    1109   81406  4401636  53.70
1920-1929       21      0.01205  0.01197  0.47   80853     968   80335  4320230  53.43
1920-1929       22      0.00821  0.00818  0.48   79884     653   79548  4239895  53.08
1920-1929       23      0.00650  0.00648  0.49   79231     513   78970  4160347  52.51
1920-1929       24      0.00462  0.00461  0.46   78718     363   78522  4081377  51.85
1920-1929       25      0.00328  0.00327  0.50   78355     256   78227  4002855  51.09
1920-1929       26      0.00300  0.00299  0.49   78099     234   77980  3924628  50.25
1920-1929       27      0.00265  0.00265  0.49   77865     206   77760  3846649  49.40
1920-1929       28      0.00249  0.00249  0.49   77659     193   77561  3768888  48.53
1920-1929       29      0.00227  0.00227  0.50   77465     176   77377  3691328  47.65
1920-1929       30      0.00202  0.00202  0.49   77290     156   77209  3613951  46.76
1920-1929       31      0.00202  0.00202  0.49   77133     156   77055  3536741  45.85
1920-1929       32      0.00204  0.00204  0.49   76978     157   76898  3459687  44.94
1920-1929       33      0.00211  0.00211  0.49   76821     162   76738  3382788  44.03
1920-1929       34      0.00212  0.00212  0.51   76659     163   76579  3306051  43.13
1920-1929       35      0.00220  0.00220  0.50   76496     168   76411  3229472  42.22
1920-1929       36      0.00240  0.00240  0.50   76328     183   76237  3153061  41.31
1920-1929       37      0.00264  0.00263  0.51   76145     201   76046  3076824  40.41
1920-1929       38      0.00262  0.00262  0.50   75945     199   75845  3000778  39.51
1920-1929       39      0.00289  0.00288  0.50   75746     218   75637  2924933  38.62
1920-1929       40      0.00308  0.00308  0.50   75527     232   75412  2849296  37.73
1920-1929       41      0.00336  0.00336  0.50   75295     253   75167  2773884  36.84
1920-1929       42      0.00387  0.00386  0.50   75042     290   74898  2698717  35.96
1920-1929       43      0.00405  0.00404  0.50   74752     302   74601  2623819  35.10
1920-1929       44      0.00462  0.00460  0.50   74450     343   74280  2549218  34.24
1920-1929       45      0.00507  0.00506  0.50   74107     375   73922  2474938  33.40
1920-1929       46      0.00527  0.00526  0.50   73732     388   73540  2401017  32.56
1920-1929       47      0.00555  0.00553  0.50   73345     406   73141  2327477  31.73
1920-1929       48      0.00580  0.00578  0.50   72939     422   72730  2254336  30.91
1920-1929       49      0.00651  0.00649  0.51   72517     471   72285  2181606  30.08
1920-1929       50      0.00666  0.00663  0.50   72047     478   71807  2109321  29.28
1920-1929       51      0.00721  0.00718  0.50   71569     514   71314  2037513  28.47
1920-1929       52      0.00745  0.00742  0.51   71055     528   70794  1966199  27.67
1920-1929       53      0.00804  0.00801  0.50   70527     565   70245  1895405  26.87
1920-1929       54      0.00875  0.00871  0.50   69962     610   69658  1825161  26.09
1920-1929       55      0.00899  0.00895  0.50   69353     621   69045  1755503  25.31
1920-1929       56      0.00964  0.00960  0.50   68732     660   68402  1686458  24.54
1920-1929       57      0.01051  0.01045  0.50   68073     712   67719  1618056  23.77
1920-1929       58      0.01113  0.01107  0.50   67361     746   66988  1550337  23.02
1920-1929       59      0.01179  0.01172  0.50   66615     781   66225  1483348  22.27
1920-1929       60      0.01255  0.01247  0.50   65835     821   65426  1417123  21.53
1920-1929       61      0.01376  0.01367  0.50   65014     889   64571  1351697  20.79
1920-1929       62      0.01476  0.01465  0.50   64125     939   63656  1287126  20.07
1920-1929       63      0.01585  0.01573  0.50   63186     994   62690  1223469  19.36
1920-1929       64      0.01708  0.01694  0.50   62192    1054   61669  1160779  18.66
1920-1929       65      0.01793  0.01777  0.50   61138    1086   60597  1099110  17.98
1920-1929       66      0.01913  0.01895  0.50   60052    1138   59487  1038513  17.29
1920-1929       67      0.02099  0.02078  0.50   58914    1224   58303   979027  16.62
1920-1929       68      0.02196  0.02172  0.50   57690    1253   57067   920723  15.96
1920-1929       69      0.02364  0.02337  0.50   56437    1319   55780   863656  15.30
1920-1929       70      0.02579  0.02546  0.50   55118    1403   54422   807876  14.66
1920-1929       71      0.02722  0.02685  0.50   53715    1442   52997   753454  14.03
1920-1929       72      0.02974  0.02931  0.50   52272    1532   51513   700457  13.40
1920-1929       73      0.03211  0.03161  0.50   50740    1604   49946   648944  12.79
1920-1929       74      0.03363  0.03308  0.50   49137    1625   48331   598998  12.19
1920-1929       75      0.03721  0.03654  0.50   47512    1736   46652   550667  11.59
1920-1929       76      0.03947  0.03872  0.50   45776    1772   44896   504016  11.01
1920-1929       77      0.04297  0.04208  0.51   44003    1852   43087   459119  10.43
1920-1929       78      0.04697  0.04591  0.51   42152    1935   41196   416032   9.87
1920-1929       79      0.05067  0.04944  0.51   40217    1988   39235   374837   9.32
1920-1929       80      0.05569  0.05420  0.51   38228    2072   37205   335601   8.78
1920-1929       81      0.06070  0.05893  0.51   36157    2131   35106   298396   8.25
1920-1929       82      0.06627  0.06417  0.51   34026    2184   32949   263290   7.74
1920-1929       83      0.07287  0.07034  0.51   31842    2240   30734   230341   7.23
1920-1929       84      0.08188  0.07871  0.51   29603    2330   28457   199607   6.74
1920-1929       85      0.09153  0.08756  0.51   27272    2388   26091   171150   6.28
1920-1929       86      0.10332  0.09834  0.51   24884    2447   23685   145059   5.83
1920-1929       87      0.11472  0.10859  0.51   22437    2437   21238   121374   5.41
1920-1929       88      0.12963  0.12180  0.50   20001    2436   18791   100136   5.01
1920-1929       89      0.14403  0.13445  0.51   17565    2362   16396    81344   4.63
1920-1929       90      0.16310  0.15087  0.50   15203    2294   14063    64948   4.27
1920-1929       91      0.18185  0.16684  0.51   12909    2154   11844    50885   3.94
1920-1929       92      0.20503  0.18615  0.51   10756    2002    9765    39041   3.63
1920-1929       93      0.23071  0.20702  0.50    8753    1812    7855    29277   3.34
1920-1929       94      0.25694  0.22797  0.51    6941    1582    6159    21422   3.09
1920-1929       95      0.28717  0.25131  0.50    5359    1347    4690    15263   2.85
1920-1929       96      0.32529  0.27987  0.50    4012    1123    3452    10574   2.64
1920-1929       97      0.35029  0.29785  0.50    2889     861    2457     7122   2.46
1920-1929       98      0.39088  0.32699  0.50    2029     663    1697     4665   2.30
1920-1929       99      0.39404  0.32942  0.50    1365     450    1141     2968   2.17
1920-1929      100      0.47313  0.38290  0.50     916     351     741     1827   1.99
1920-1929      101      0.47786  0.38440  0.49     565     217     454     1086   1.92
1920-1929      102      0.50182  0.40000  0.49     348     139     277      631   1.81
1920-1929      103      0.54610  0.43080  0.51     209      90     165      354   1.70
1920-1929      104      0.63915  0.48375  0.50     119      57      90      189   1.59
1920-1929      105      0.54980  0.43262  0.51      61      27      48       99   1.62
1920-1929      106      0.70563  0.51351  0.47      35      18      25       51   1.47
1920-1929      107      0.63004  0.48485  0.52      17       8      13       26   1.52
1920-1929      108      0.43826  0.37500  0.62       9       3       7       13   1.45
1920-1929      109      0.68035  0.50000  0.47       5       3       4        5   0.96
1920-1929      110+     2.23453  1.00000  0.45       3       3       1        1   0.45
1930-1931        0      0.07818  0.07415  0.31  100000    7415   94852  6715341  67.15
1930-1931        1      0.01587  0.01575  0.49   92585    1458   91843  6620490  71.51
1930-1931        2      0.00875  0.00871  0.51   91127     794   90737  6528647  71.64
1930-1931        3      0.00648  0.00646  0.49   90333     583   90037  6437910  71.27
1930-1931        4      0.00437  0.00436  0.51   89750     391   89558  6347873  70.73
1930-1931        5      0.00350  0.00349  0.51   89359     312   89205  6258315  70.04
1930-1931        6      0.00292  0.00292  0.49   89047     260   88915  6169110  69.28
1930-1931        7      0.00260  0.00259  0.51   88787     230   88673  6080195  68.48
1930-1931        8      0.00242  0.00242  0.51   88557     214   88451  5991522  67.66
1930-1931        9      0.00239  0.00239  0.50   88343     211   88236  5903071  66.82
1930-1931       10      0.00210  0.00210  0.51   88131     185   88040  5814835  65.98
1930-1931       11      0.00199  0.00199  0.51   87946     175   87861  5726795  65.12
1930-1931       12      0.00215  0.00215  0.50   87771     189   87677  5638934  64.25
1930-1931       13      0.00256  0.00256  0.52   87583     224   87476  5551257  63.38
1930-1931       14      0.00243  0.00243  0.49   87358     212   87250  5463782  62.54
1930-1931       15      0.00214  0.00214  0.51   87146     187   87055  5376532  61.70
1930-1931       16      0.00224  0.00223  0.51   86960     194   86864  5289477  60.83
1930-1931       17      0.00268  0.00267  0.48   86766     232   86646  5202612  59.96
1930-1931       18      0.00256  0.00255  0.51   86534     221   86425  5115966  59.12
1930-1931       19      0.00331  0.00331  0.47   86313     285   86163  5029541  58.27
1930-1931       20      0.00199  0.00199  0.48   86027     171   85938  4943378  57.46
1930-1931       21      0.00165  0.00165  0.49   85856     141   85784  4857440  56.58
1930-1931       22      0.00154  0.00154  0.52   85715     132   85652  4771657  55.67
1930-1931       23      0.00157  0.00157  0.49   85583     134   85514  4686005  54.75
1930-1931       24      0.00152  0.00152  0.51   85448     130   85384  4600491  53.84
1930-1931       25      0.00160  0.00159  0.49   85318     136   85249  4515107  52.92
1930-1931       26      0.00153  0.00153  0.49   85182     130   85116  4429858  52.00
1930-1931       27      0.00146  0.00146  0.48   85052     124   84987  4344742  51.08
1930-1931       28      0.00146  0.00146  0.49   84928     124   84864  4259754  50.16
1930-1931       29      0.00152  0.00151  0.48   84804     128   84737  4174890  49.23
1930-1931       30      0.00175  0.00175  0.50   84675     148   84602  4090153  48.30
1930-1931       31      0.00157  0.00157  0.48   84527     132   84458  4005551  47.39
1930-1931       32      0.00190  0.00190  0.52   84395     160   84317  3921092  46.46
1930-1931       33      0.00186  0.00186  0.49   84234     156   84155  3836775  45.55
1930-1931       34      0.00174  0.00174  0.51   84078     146   84007  3752620  44.63
1930-1931       35      0.00216  0.00216  0.49   83932     181   83840  3668613  43.71
1930-1931       36      0.00231  0.00231  0.49   83751     193   83653  3584773  42.80
1930-1931       37      0.00257  0.00257  0.50   83558     215   83449  3501121  41.90
1930-1931       38      0.00274  0.00273  0.49   83343     228   83227  3417671  41.01
1930-1931       39      0.00312  0.00311  0.51   83115     259   82989  3334445  40.12
1930-1931       40      0.00324  0.00323  0.51   82856     268   82724  3251456  39.24
1930-1931       41      0.00339  0.00339  0.49   82589     280   82445  3168732  38.37
1930-1931       42      0.00337  0.00337  0.51   82309     277   82173  3086287  37.50
1930-1931       43      0.00347  0.00346  0.50   82032     284   81890  3004114  36.62
1930-1931       44      0.00445  0.00444  0.50   81748     363   81567  2922225  35.75
1930-1931       45      0.00424  0.00423  0.51   81385     344   81217  2840657  34.90
1930-1931       46      0.00453  0.00452  0.50   81041     367   80856  2759440  34.05
1930-1931       47      0.00487  0.00485  0.50   80674     392   80479  2678584  33.20
1930-1931       48      0.00489  0.00488  0.50   80283     392   80087  2598105  32.36
1930-1931       49      0.00496  0.00495  0.50   79891     395   79692  2518018  31.52
1930-1931       50      0.00592  0.00590  0.49   79496     469   79259  2438326  30.67
1930-1931       51      0.00603  0.00601  0.51   79027     475   78795  2359067  29.85
1930-1931       52      0.00634  0.00632  0.50   78552     497   78305  2280272  29.03
1930-1931       53      0.00677  0.00675  0.52   78055     526   77800  2201967  28.21
1930-1931       54      0.00735  0.00732  0.51   77529     568   77248  2124166  27.40
1930-1931       55      0.00831  0.00828  0.50   76961     637   76642  2046918  26.60
1930-1931       56      0.00887  0.00883  0.50   76324     674   75988  1970276  25.81
1930-1931       57      0.00920  0.00916  0.51   75650     693   75311  1894288  25.04
1930-1931       58      0.01002  0.00997  0.49   74958     747   74580  1818977  24.27
1930-1931       59      0.01106  0.01100  0.50   74210     816   73803  1744397  23.51
1930-1931       60      0.01152  0.01145  0.51   73394     841   72981  1670594  22.76
1930-1931       61      0.01219  0.01212  0.50   72553     879   72116  1597613  22.02
1930-1931       62      0.01224  0.01217  0.50   71674     872   71237  1525497  21.28
1930-1931       63      0.01302  0.01294  0.51   70802     916   70355  1454260  20.54
1930-1931       64      0.01391  0.01382  0.49   69886     966   69396  1383905  19.80
1930-1931       65      0.01602  0.01589  0.50   68921    1095   68372  1314509  19.07
1930-1931       66      0.01703  0.01689  0.51   67826    1146   67262  1246138  18.37
1930-1931       67      0.01776  0.01760  0.50   66680    1174   66092  1178875  17.68
1930-1931       68      0.01811  0.01795  0.51   65506    1176   64930  1112783  16.99
1930-1931       69      0.01953  0.01934  0.51   64331    1244   63716  1047852  16.29
1930-1931       70      0.02112  0.02090  0.50   63086    1318   62433   984136  15.60
1930-1931       71      0.02216  0.02192  0.50   61768    1354   61097   921704  14.92
1930-1931       72      0.02409  0.02381  0.51   60414    1438   59703   860607  14.25
1930-1931       73      0.02646  0.02612  0.50   58976    1540   58209   800904  13.58
1930-1931       74      0.02650  0.02616  0.50   57435    1502   56685   742695  12.93
1930-1931       75      0.02982  0.02939  0.50   55933    1644   55115   686010  12.26
1930-1931       76      0.03172  0.03123  0.51   54289    1696   53454   630895  11.62
1930-1931       77      0.03631  0.03567  0.50   52594    1876   51663   577440  10.98
1930-1931       78      0.03928  0.03854  0.51   50718    1954   49761   525777  10.37
1930-1931       79      0.04408  0.04314  0.50   48763    2103   47722   476017   9.76
1930-1931       80      0.04643  0.04539  0.50   46660    2118   45608   428295   9.18
1930-1931       81      0.05319  0.05183  0.51   44542    2309   43403   382687   8.59
1930-1931       82      0.05941  0.05772  0.51   42234    2438   41031   339283   8.03
1930-1931       83      0.06519  0.06315  0.51   39796    2513   38554   298253   7.49
1930-1931       84      0.07490  0.07223  0.51   37283    2693   35954   259699   6.97
1930-1931       85      0.08504  0.08161  0.51   34590    2823   33196   223745   6.47
1930-1931       86      0.09686  0.09249  0.51   31767    2938   30336   190550   6.00
1930-1931       87      0.10678  0.10146  0.51   28829    2925   27393   160214   5.56
1930-1931       88      0.11814  0.11162  0.51   25904    2891   24473   132821   5.13
1930-1931       89      0.12931  0.12146  0.50   23012    2795   21616   108348   4.71
1930-1931       90      0.15896  0.14735  0.50   20217    2979   18741    86732   4.29
1930-1931       91      0.18543  0.16980  0.50   17238    2927   15786    67991   3.94
1930-1931       92      0.20363  0.18501  0.51   14311    2648   13002    52205   3.65
1930-1931       93      0.22748  0.20441  0.50   11663    2384   10480    39203   3.36
1930-1931       94      0.25550  0.22689  0.51    9279    2105    8240    28722   3.10
1930-1931       95      0.28395  0.24894  0.50    7174    1786    6289    20482   2.86
1930-1931       96      0.32768  0.28169  0.50    5388    1518    4632    14193   2.63
1930-1931       97      0.35029  0.29785  0.50    3870    1153    3291     9561   2.47
1930-1931       98      0.39129  0.32738  0.50    2718     890    2274     6270   2.31
1930-1931       99      0.39335  0.32888  0.50    1828     601    1528     3996   2.19
1930-1931      100      0.46678  0.37836  0.50    1227     464     994     2468   2.01
1930-1931      101      0.47069  0.37974  0.49     763     290     615     1473   1.93
1930-1931      102      0.50182  0.40000  0.49     473     189     377      858   1.81
1930-1931      103      0.54610  0.43080  0.51     284     122     224      481   1.70
1930-1931      104      0.63915  0.48375  0.50     162      78     122      257   1.59
1930-1931      105      0.54980  0.43262  0.51      83      36      66      135   1.62
1930-1931      106      0.70563  0.51351  0.47      47      24      34       69   1.47
1930-1931      107      0.63004  0.48485  0.52      23      11      18       35   1.52
1930-1931      108      0.43826  0.37500  0.62      12       4      10       17   1.45
1930-1931      109      0.68035  0.50000  0.47       7       4       5        7   0.96
1930-1931      110+     2.23453  1.00000  0.45       4       4       2        2   0.45
