The United States of America, Life tables (period 1x10), Females	Last modified: 15 Mar 2023;  Methods Protocol: v6 (2017)

  Year          Age         mx       qx    ax      lx      dx      Lx       Tx     ex
1933-1939        0      0.05344  0.05139  0.25  100000    5139   96167  6341625  63.42
1933-1939        1      0.00804  0.00801  0.50   94861     760   94481  6245458  65.84
1933-1939        2      0.00370  0.00369  0.50   94101     348   93928  6150977  65.37
1933-1939        3      0.00256  0.00256  0.50   93754     240   93634  6057049  64.61
1933-1939        4      0.00204  0.00204  0.50   93514     191   93418  5963415  63.77
1933-1939        5      0.00169  0.00169  0.50   93323     158   93244  5869997  62.90
1933-1939        6      0.00148  0.00148  0.50   93166     138   93097  5776753  62.01
1933-1939        7      0.00131  0.00131  0.50   93028     122   92967  5683656  61.10
1933-1939        8      0.00118  0.00118  0.50   92906     109   92851  5590689  60.18
1933-1939        9      0.00108  0.00108  0.50   92796     100   92746  5497839  59.25
1933-1939       10      0.00101  0.00101  0.50   92696      94   92650  5405092  58.31
1933-1939       11      0.00100  0.00099  0.50   92603      92   92557  5312443  57.37
1933-1939       12      0.00104  0.00104  0.50   92511      96   92463  5219886  56.42
1933-1939       13      0.00114  0.00114  0.50   92414     106   92362  5127424  55.48
1933-1939       14      0.00131  0.00131  0.50   92309     121   92248  5035062  54.55
1933-1939       15      0.00152  0.00152  0.50   92188     140   92118  4942814  53.62
1933-1939       16      0.00174  0.00174  0.50   92048     160   91968  4850696  52.70
1933-1939       17      0.00195  0.00195  0.50   91888     179   91799  4758727  51.79
1933-1939       18      0.00215  0.00215  0.50   91709     197   91611  4666928  50.89
1933-1939       19      0.00235  0.00234  0.50   91512     215   91405  4575318  50.00
1933-1939       20      0.00253  0.00252  0.50   91298     230   91182  4483913  49.11
1933-1939       21      0.00269  0.00268  0.50   91067     244   90945  4392731  48.24
1933-1939       22      0.00283  0.00282  0.50   90823     256   90694  4301786  47.36
1933-1939       23      0.00295  0.00295  0.50   90566     267   90433  4211091  46.50
1933-1939       24      0.00305  0.00305  0.50   90299     275   90162  4120658  45.63
1933-1939       25      0.00315  0.00314  0.50   90024     283   89883  4030497  44.77
1933-1939       26      0.00323  0.00323  0.50   89741     289   89597  3940614  43.91
1933-1939       27      0.00331  0.00330  0.50   89452     295   89304  3851017  43.05
1933-1939       28      0.00338  0.00337  0.50   89156     301   89006  3761713  42.19
1933-1939       29      0.00344  0.00343  0.50   88856     305   88703  3672707  41.33
1933-1939       30      0.00349  0.00348  0.50   88551     308   88397  3584004  40.47
1933-1939       31      0.00357  0.00356  0.50   88243     314   88086  3495607  39.61
1933-1939       32      0.00369  0.00369  0.50   87928     324   87766  3407521  38.75
1933-1939       33      0.00386  0.00385  0.50   87604     338   87435  3319755  37.89
1933-1939       34      0.00408  0.00407  0.50   87267     355   87089  3232320  37.04
1933-1939       35      0.00434  0.00433  0.50   86911     376   86723  3145231  36.19
1933-1939       36      0.00459  0.00458  0.50   86535     397   86337  3058508  35.34
1933-1939       37      0.00483  0.00482  0.50   86138     415   85931  2972171  34.50
1933-1939       38      0.00504  0.00502  0.50   85724     431   85508  2886240  33.67
1933-1939       39      0.00522  0.00521  0.50   85293     444   85071  2800732  32.84
1933-1939       40      0.00539  0.00537  0.50   84849     456   84621  2715661  32.01
1933-1939       41      0.00559  0.00557  0.50   84393     470   84158  2631040  31.18
1933-1939       42      0.00583  0.00582  0.50   83923     488   83679  2546882  30.35
1933-1939       43      0.00614  0.00612  0.50   83435     511   83179  2463203  29.52
1933-1939       44      0.00651  0.00649  0.50   82924     538   82655  2380024  28.70
1933-1939       45      0.00696  0.00693  0.50   82385     571   82100  2297369  27.89
1933-1939       46      0.00746  0.00743  0.50   81814     608   81510  2215270  27.08
1933-1939       47      0.00801  0.00798  0.50   81206     648   80882  2133759  26.28
1933-1939       48      0.00862  0.00859  0.50   80558     692   80212  2052877  25.48
1933-1939       49      0.00929  0.00925  0.50   79866     739   79497  1972665  24.70
1933-1939       50      0.01001  0.00996  0.50   79128     788   78734  1893168  23.93
1933-1939       51      0.01075  0.01069  0.50   78340     837   77921  1814434  23.16
1933-1939       52      0.01148  0.01142  0.50   77502     885   77060  1736513  22.41
1933-1939       53      0.01221  0.01214  0.50   76618     930   76153  1659453  21.66
1933-1939       54      0.01293  0.01284  0.50   75688     972   75202  1583300  20.92
1933-1939       55      0.01364  0.01355  0.50   74716    1013   74209  1508099  20.18
1933-1939       56      0.01448  0.01437  0.50   73703    1059   73173  1433889  19.45
1933-1939       57      0.01547  0.01536  0.50   72644    1115   72086  1360716  18.73
1933-1939       58      0.01666  0.01652  0.50   71528    1182   70937  1288630  18.02
1933-1939       59      0.01807  0.01791  0.50   70346    1260   69716  1217693  17.31
1933-1939       60      0.01970  0.01951  0.50   69086    1348   68412  1147977  16.62
1933-1939       61      0.02148  0.02126  0.50   67738    1440   67019  1079565  15.94
1933-1939       62      0.02339  0.02312  0.50   66299    1533   65532  1012546  15.27
1933-1939       63      0.02545  0.02513  0.50   64766    1628   63952   947014  14.62
1933-1939       64      0.02770  0.02732  0.50   63138    1725   62275   883062  13.99
1933-1939       65      0.03017  0.02972  0.50   61413    1825   60501   820787  13.37
1933-1939       66      0.03285  0.03232  0.50   59588    1926   58625   760286  12.76
1933-1939       67      0.03581  0.03518  0.50   57662    2029   56648   701661  12.17
1933-1939       68      0.03907  0.03832  0.50   55633    2132   54567   645014  11.59
1933-1939       69      0.04265  0.04176  0.50   53501    2234   52384   590446  11.04
1933-1939       70      0.04661  0.04555  0.50   51267    2335   50100   538062  10.50
1933-1939       71      0.05101  0.04975  0.50   48932    2434   47715   487962   9.97
1933-1939       72      0.05593  0.05441  0.50   46498    2530   45233   440247   9.47
1933-1939       73      0.06144  0.05961  0.50   43968    2621   42657   395015   8.98
1933-1939       74      0.06758  0.06538  0.50   41347    2703   39996   352357   8.52
1933-1939       75      0.07296  0.07039  0.50   38644    2720   37284   312361   8.08
1933-1939       76      0.07992  0.07684  0.50   35924    2761   34543   275078   7.66
1933-1939       77      0.08735  0.08370  0.50   33163    2776   31775   240534   7.25
1933-1939       78      0.09543  0.09109  0.50   30387    2768   29004   208759   6.87
1933-1939       79      0.10409  0.09894  0.50   27620    2733   26253   179755   6.51
1933-1939       80      0.10862  0.10302  0.50   24887    2564   23605   153502   6.17
1933-1939       81      0.11827  0.11166  0.50   22323    2493   21077   129897   5.82
1933-1939       82      0.12904  0.12121  0.50   19830    2404   18628   108820   5.49
1933-1939       83      0.14090  0.13163  0.50   17427    2294   16280    90192   5.18
1933-1939       84      0.15363  0.14267  0.50   15133    2159   14053    73912   4.88
1933-1939       85      0.16699  0.15412  0.50   12974    2000   11974    59859   4.61
1933-1939       86      0.18124  0.16618  0.50   10974    1824   10062    47885   4.36
1933-1939       87      0.19652  0.17894  0.50    9151    1637    8332    37822   4.13
1933-1939       88      0.21248  0.19207  0.50    7513    1443    6792    29490   3.93
1933-1939       89      0.22817  0.20481  0.50    6070    1243    5449    22699   3.74
1933-1939       90      0.24247  0.21625  0.50    4827    1044    4305    17250   3.57
1933-1939       91      0.25537  0.22646  0.50    3783     857    3355    12945   3.42
1933-1939       92      0.26675  0.23536  0.50    2926     689    2582     9591   3.28
1933-1939       93      0.27588  0.24244  0.50    2238     542    1966     7009   3.13
1933-1939       94      0.28318  0.24805  0.50    1695     420    1485     5042   2.97
1933-1939       95      0.31823  0.27455  0.50    1275     350    1100     3557   2.79
1933-1939       96      0.33744  0.28873  0.50     925     267     791     2458   2.66
1933-1939       97      0.35720  0.30307  0.50     658     199     558     1666   2.53
1933-1939       98      0.37746  0.31753  0.50     458     146     386     1108   2.42
1933-1939       99      0.39816  0.33206  0.50     313     104     261      723   2.31
1933-1939      100      0.41923  0.34658  0.50     209      72     173      462   2.21
1933-1939      101      0.44059  0.36106  0.50     137      49     112      289   2.12
1933-1939      102      0.46218  0.37543  0.50      87      33      71      177   2.03
1933-1939      103      0.48391  0.38964  0.50      54      21      44      106   1.95
1933-1939      104      0.50571  0.40364  0.50      33      13      27       62   1.88
1933-1939      105      0.52748  0.41739  0.50      20       8      16       36   1.81
1933-1939      106      0.54914  0.43085  0.50      12       5       9       20   1.75
1933-1939      107      0.57063  0.44396  0.50       7       3       5       11   1.69
1933-1939      108      0.59185  0.45670  0.50       4       2       3        6   1.64
1933-1939      109      0.61273  0.46903  0.50       2       1       2        3   1.60
1933-1939      110+     0.63320  1.00000  1.58       1       1       2        2   1.58
1940-1949        0      0.03726  0.03617  0.19  100000    3617   97075  6819367  68.19
1940-1949        1      0.00351  0.00351  0.50   96383     338   96214  6722292  69.75
1940-1949        2      0.00178  0.00178  0.50   96045     171   95960  6626078  68.99
1940-1949        3      0.00132  0.00132  0.50   95874     126   95811  6530119  68.11
1940-1949        4      0.00106  0.00106  0.50   95748     102   95697  6434308  67.20
1940-1949        5      0.00091  0.00091  0.50   95646      87   95603  6338610  66.27
1940-1949        6      0.00081  0.00081  0.50   95559      77   95521  6243007  65.33
1940-1949        7      0.00073  0.00073  0.50   95482      70   95447  6147487  64.38
1940-1949        8      0.00066  0.00066  0.50   95412      63   95381  6052040  63.43
1940-1949        9      0.00062  0.00062  0.50   95349      59   95320  5956659  62.47
1940-1949       10      0.00058  0.00058  0.50   95290      56   95262  5861339  61.51
1940-1949       11      0.00059  0.00059  0.50   95234      56   95206  5766077  60.55
1940-1949       12      0.00063  0.00063  0.50   95178      60   95148  5670871  59.58
1940-1949       13      0.00070  0.00070  0.50   95118      67   95084  5575723  58.62
1940-1949       14      0.00080  0.00080  0.50   95051      76   95013  5480639  57.66
1940-1949       15      0.00092  0.00092  0.50   94975      88   94931  5385626  56.71
1940-1949       16      0.00105  0.00105  0.50   94887      99   94838  5290694  55.76
1940-1949       17      0.00116  0.00116  0.50   94788     110   94733  5195856  54.82
1940-1949       18      0.00127  0.00127  0.50   94678     121   94618  5101123  53.88
1940-1949       19      0.00138  0.00138  0.50   94558     131   94492  5006506  52.95
1940-1949       20      0.00150  0.00149  0.50   94427     141   94356  4912013  52.02
1940-1949       21      0.00158  0.00158  0.50   94286     149   94211  4817657  51.10
1940-1949       22      0.00165  0.00164  0.50   94137     155   94060  4723446  50.18
1940-1949       23      0.00170  0.00169  0.50   93982     159   93902  4629386  49.26
1940-1949       24      0.00173  0.00173  0.50   93823     162   93742  4535484  48.34
1940-1949       25      0.00174  0.00174  0.50   93661     163   93579  4441742  47.42
1940-1949       26      0.00178  0.00178  0.50   93497     167   93414  4348163  46.51
1940-1949       27      0.00184  0.00184  0.50   93331     172   93245  4254749  45.59
1940-1949       28      0.00191  0.00191  0.50   93159     178   93070  4161504  44.67
1940-1949       29      0.00200  0.00200  0.50   92981     186   92888  4068433  43.76
1940-1949       30      0.00212  0.00212  0.50   92796     196   92697  3975545  42.84
1940-1949       31      0.00224  0.00223  0.50   92599     207   92496  3882848  41.93
1940-1949       32      0.00236  0.00236  0.50   92392     218   92283  3790352  41.02
1940-1949       33      0.00250  0.00250  0.50   92174     230   92059  3698069  40.12
1940-1949       34      0.00265  0.00265  0.50   91944     244   91822  3606009  39.22
1940-1949       35      0.00280  0.00280  0.50   91700     257   91572  3514187  38.32
1940-1949       36      0.00297  0.00297  0.50   91444     271   91308  3422615  37.43
1940-1949       37      0.00315  0.00315  0.50   91172     287   91029  3331307  36.54
1940-1949       38      0.00335  0.00334  0.50   90885     304   90733  3240279  35.65
1940-1949       39      0.00356  0.00355  0.50   90581     322   90420  3149545  34.77
1940-1949       40      0.00380  0.00380  0.50   90259     343   90088  3059125  33.89
1940-1949       41      0.00407  0.00406  0.50   89917     365   89734  2969037  33.02
1940-1949       42      0.00436  0.00436  0.50   89551     390   89356  2879303  32.15
1940-1949       43      0.00468  0.00467  0.50   89161     416   88953  2789947  31.29
1940-1949       44      0.00501  0.00500  0.50   88745     443   88524  2700993  30.44
1940-1949       45      0.00535  0.00533  0.50   88302     471   88066  2612470  29.59
1940-1949       46      0.00573  0.00571  0.50   87831     502   87580  2524403  28.74
1940-1949       47      0.00615  0.00613  0.50   87329     536   87061  2436823  27.90
1940-1949       48      0.00662  0.00660  0.50   86794     573   86507  2349762  27.07
1940-1949       49      0.00715  0.00713  0.50   86221     614   85914  2263254  26.25
1940-1949       50      0.00778  0.00775  0.50   85606     664   85275  2177341  25.43
1940-1949       51      0.00844  0.00841  0.50   84943     714   84586  2092066  24.63
1940-1949       52      0.00912  0.00908  0.50   84229     765   83846  2007481  23.83
1940-1949       53      0.00983  0.00979  0.50   83464     817   83055  1923634  23.05
1940-1949       54      0.01057  0.01052  0.50   82647     869   82212  1840579  22.27
1940-1949       55      0.01134  0.01127  0.50   81778     922   81317  1758367  21.50
1940-1949       56      0.01218  0.01211  0.50   80856     979   80366  1677050  20.74
1940-1949       57      0.01314  0.01306  0.50   79877    1043   79355  1596683  19.99
1940-1949       58      0.01423  0.01413  0.50   78834    1114   78277  1517328  19.25
1940-1949       59      0.01544  0.01532  0.50   77720    1191   77125  1439051  18.52
1940-1949       60      0.01668  0.01654  0.50   76530    1266   75896  1361926  17.80
1940-1949       61      0.01793  0.01778  0.50   75263    1338   74594  1286030  17.09
1940-1949       62      0.01932  0.01913  0.50   73926    1415   73218  1211436  16.39
1940-1949       63      0.02086  0.02065  0.50   72511    1497   71762  1138217  15.70
1940-1949       64      0.02259  0.02234  0.50   71014    1586   70221  1066455  15.02
1940-1949       65      0.02453  0.02423  0.50   69427    1682   68586   996234  14.35
1940-1949       66      0.02686  0.02650  0.50   67745    1795   66847   927648  13.69
1940-1949       67      0.02942  0.02899  0.50   65950    1912   64994   860801  13.05
1940-1949       68      0.03226  0.03175  0.50   64038    2033   63021   795807  12.43
1940-1949       69      0.03542  0.03480  0.50   62004    2158   60925   732786  11.82
1940-1949       70      0.03935  0.03859  0.50   59846    2309   58692   671860  11.23
1940-1949       71      0.04380  0.04286  0.50   57537    2466   56304   613168  10.66
1940-1949       72      0.04859  0.04744  0.50   55071    2613   53765   556864  10.11
1940-1949       73      0.05378  0.05237  0.50   52458    2747   51085   503100   9.59
1940-1949       74      0.05949  0.05777  0.50   49711    2872   48275   452015   9.09
1940-1949       75      0.06540  0.06333  0.50   46839    2966   45356   403740   8.62
1940-1949       76      0.07116  0.06872  0.50   43873    3015   42365   358384   8.17
1940-1949       77      0.07757  0.07468  0.50   40858    3051   39332   316019   7.73
1940-1949       78      0.08474  0.08130  0.50   37807    3074   36270   276687   7.32
1940-1949       79      0.09285  0.08874  0.50   34733    3082   33192   240417   6.92
1940-1949       80      0.09713  0.09263  0.50   31651    2932   30185   207224   6.55
1940-1949       81      0.10688  0.10145  0.50   28719    2914   27263   177039   6.16
1940-1949       82      0.11748  0.11096  0.50   25806    2864   24374   149777   5.80
1940-1949       83      0.12904  0.12122  0.50   22942    2781   21552   125403   5.47
1940-1949       84      0.14120  0.13189  0.50   20161    2659   18832   103851   5.15
1940-1949       85      0.15356  0.14261  0.50   17502    2496   16254    85019   4.86
1940-1949       86      0.16674  0.15391  0.50   15006    2310   13851    68765   4.58
1940-1949       87      0.18142  0.16634  0.50   12696    2112   11641    54914   4.33
1940-1949       88      0.19786  0.18004  0.50   10585    1906    9632    43274   4.09
1940-1949       89      0.21510  0.19421  0.50    8679    1686    7836    33642   3.88
1940-1949       90      0.23063  0.20678  0.50    6993    1446    6270    25806   3.69
1940-1949       91      0.24396  0.21743  0.50    5547    1206    4944    19535   3.52
1940-1949       92      0.25553  0.22658  0.50    4341     984    3849    14591   3.36
1940-1949       93      0.26583  0.23464  0.50    3357     788    2964    10742   3.20
1940-1949       94      0.27631  0.24277  0.50    2570     624    2258     7778   3.03
1940-1949       95      0.30972  0.26819  0.50    1946     522    1685     5521   2.84
1940-1949       96      0.32988  0.28317  0.50    1424     403    1222     3836   2.69
1940-1949       97      0.35068  0.29836  0.50    1021     305     868     2613   2.56
1940-1949       98      0.37206  0.31370  0.50     716     225     604     1745   2.44
1940-1949       99      0.39396  0.32913  0.50     492     162     411     1141   2.32
1940-1949      100      0.41629  0.34457  0.50     330     114     273      730   2.21
1940-1949      101      0.43897  0.35996  0.50     216      78     177      457   2.12
1940-1949      102      0.46191  0.37524  0.50     138      52     112      280   2.03
1940-1949      103      0.48501  0.39035  0.50      86      34      70      168   1.94
1940-1949      104      0.50817  0.40521  0.50      53      21      42       98   1.86
1940-1949      105      0.53130  0.41978  0.50      31      13      25       56   1.79
1940-1949      106      0.55430  0.43401  0.50      18       8      14       31   1.73
1940-1949      107      0.57706  0.44784  0.50      10       5       8       17   1.67
1940-1949      108      0.59950  0.46125  0.50       6       3       4        9   1.62
1940-1949      109      0.62154  0.47418  0.50       3       1       2        5   1.58
1940-1949      110+     0.64308  1.00000  1.56       2       2       3        3   1.56
1950-1959        0      0.02557  0.02502  0.15  100000    2502   97863  7235259  72.35
1950-1959        1      0.00189  0.00189  0.50   97498     184   97406  7137397  73.21
1950-1959        2      0.00106  0.00106  0.50   97313     104   97262  7039991  72.34
1950-1959        3      0.00081  0.00081  0.50   97210      79   97170  6942729  71.42
1950-1959        4      0.00066  0.00066  0.50   97131      65   97099  6845559  70.48
1950-1959        5      0.00057  0.00057  0.50   97066      55   97039  6748460  69.52
1950-1959        6      0.00049  0.00049  0.50   97011      48   96987  6651421  68.56
1950-1959        7      0.00043  0.00043  0.50   96963      42   96943  6554434  67.60
1950-1959        8      0.00038  0.00038  0.50   96922      37   96903  6457491  66.63
1950-1959        9      0.00035  0.00035  0.50   96885      34   96868  6360588  65.65
1950-1959       10      0.00033  0.00033  0.50   96851      32   96835  6263720  64.67
1950-1959       11      0.00034  0.00034  0.50   96818      33   96802  6166885  63.70
1950-1959       12      0.00036  0.00036  0.50   96786      35   96768  6070083  62.72
1950-1959       13      0.00039  0.00039  0.50   96751      38   96732  5973315  61.74
1950-1959       14      0.00044  0.00044  0.50   96713      42   96692  5876583  60.76
1950-1959       15      0.00052  0.00052  0.50   96671      50   96646  5779891  59.79
1950-1959       16      0.00059  0.00059  0.50   96621      57   96592  5683245  58.82
1950-1959       17      0.00065  0.00065  0.50   96564      63   96533  5586653  57.85
1950-1959       18      0.00070  0.00070  0.50   96501      67   96468  5490120  56.89
1950-1959       19      0.00074  0.00074  0.50   96434      71   96399  5393652  55.93
1950-1959       20      0.00077  0.00077  0.50   96363      74   96326  5297253  54.97
1950-1959       21      0.00078  0.00078  0.50   96289      75   96251  5200927  54.01
1950-1959       22      0.00082  0.00082  0.50   96214      79   96174  5104676  53.06
1950-1959       23      0.00084  0.00083  0.50   96135      80   96095  5008502  52.10
1950-1959       24      0.00088  0.00088  0.50   96055      84   96013  4912407  51.14
1950-1959       25      0.00093  0.00093  0.50   95970      89   95926  4816394  50.19
1950-1959       26      0.00095  0.00095  0.50   95881      91   95836  4720468  49.23
1950-1959       27      0.00098  0.00098  0.50   95790      94   95743  4624633  48.28
1950-1959       28      0.00107  0.00107  0.50   95696     102   95645  4528890  47.33
1950-1959       29      0.00113  0.00113  0.50   95594     108   95540  4433245  46.38
1950-1959       30      0.00119  0.00119  0.50   95486     113   95430  4337704  45.43
1950-1959       31      0.00127  0.00127  0.50   95373     121   95313  4242275  44.48
1950-1959       32      0.00138  0.00138  0.50   95252     132   95186  4146962  43.54
1950-1959       33      0.00146  0.00146  0.50   95120     139   95051  4051776  42.60
1950-1959       34      0.00156  0.00156  0.50   94981     148   94907  3956725  41.66
1950-1959       35      0.00169  0.00169  0.50   94834     160   94754  3861818  40.72
1950-1959       36      0.00182  0.00181  0.50   94674     172   94588  3767064  39.79
1950-1959       37      0.00195  0.00195  0.50   94502     184   94410  3672477  38.86
1950-1959       38      0.00217  0.00216  0.50   94318     204   94216  3578067  37.94
1950-1959       39      0.00237  0.00237  0.50   94114     223   94002  3483851  37.02
1950-1959       40      0.00259  0.00259  0.50   93891     243   93770  3389848  36.10
1950-1959       41      0.00280  0.00280  0.50   93648     262   93517  3296079  35.20
1950-1959       42      0.00307  0.00306  0.50   93386     286   93243  3202562  34.29
1950-1959       43      0.00331  0.00330  0.50   93100     308   92946  3109319  33.40
1950-1959       44      0.00356  0.00356  0.50   92792     330   92627  3016372  32.51
1950-1959       45      0.00384  0.00384  0.50   92462     355   92285  2923745  31.62
1950-1959       46      0.00418  0.00417  0.50   92108     384   91915  2831460  30.74
1950-1959       47      0.00454  0.00453  0.50   91723     415   91516  2739545  29.87
1950-1959       48      0.00492  0.00491  0.50   91308     448   91084  2648029  29.00
1950-1959       49      0.00544  0.00542  0.50   90860     493   90613  2556945  28.14
1950-1959       50      0.00597  0.00596  0.50   90367     538   90098  2466332  27.29
1950-1959       51      0.00644  0.00642  0.50   89829     577   89540  2376234  26.45
1950-1959       52      0.00703  0.00701  0.50   89252     625   88939  2286694  25.62
1950-1959       53      0.00763  0.00760  0.50   88626     674   88289  2197755  24.80
1950-1959       54      0.00828  0.00825  0.50   87952     725   87590  2109465  23.98
1950-1959       55      0.00879  0.00875  0.50   87227     764   86845  2021876  23.18
1950-1959       56      0.00948  0.00943  0.50   86464     816   86056  1935030  22.38
1950-1959       57      0.01016  0.01010  0.50   85648     865   85215  1848974  21.59
1950-1959       58      0.01099  0.01093  0.50   84783     927   84319  1763759  20.80
1950-1959       59      0.01189  0.01182  0.50   83856     991   83360  1679440  20.03
1950-1959       60      0.01301  0.01292  0.50   82864    1071   82329  1596080  19.26
1950-1959       61      0.01412  0.01402  0.50   81793    1147   81220  1513751  18.51
1950-1959       62      0.01551  0.01539  0.50   80647    1241   80026  1432531  17.76
1950-1959       63      0.01703  0.01689  0.50   79406    1341   78735  1352505  17.03
1950-1959       64      0.01867  0.01849  0.50   78065    1444   77343  1273770  16.32
1950-1959       65      0.02054  0.02033  0.50   76621    1558   75842  1196427  15.61
1950-1959       66      0.02212  0.02188  0.50   75063    1642   74242  1120585  14.93
1950-1959       67      0.02412  0.02383  0.50   73421    1750   72546  1046343  14.25
1950-1959       68      0.02639  0.02604  0.50   71671    1866   70738   973798  13.59
1950-1959       69      0.02865  0.02825  0.50   69804    1972   68818   903060  12.94
1950-1959       70      0.03191  0.03141  0.50   67832    2130   66767   834242  12.30
1950-1959       71      0.03506  0.03446  0.50   65702    2264   64570   767475  11.68
1950-1959       72      0.03926  0.03850  0.50   63438    2442   62217   702905  11.08
1950-1959       73      0.04315  0.04224  0.50   60996    2577   59707   640688  10.50
1950-1959       74      0.04827  0.04713  0.50   58419    2754   57042   580981   9.95
1950-1959       75      0.05363  0.05223  0.50   55666    2908   54212   523938   9.41
1950-1959       76      0.05906  0.05737  0.50   52758    3027   51245   469726   8.90
1950-1959       77      0.06472  0.06269  0.50   49731    3118   48172   418482   8.41
1950-1959       78      0.07167  0.06919  0.50   46614    3225   45001   370309   7.94
1950-1959       79      0.07884  0.07585  0.50   43388    3291   41743   325309   7.50
1950-1959       80      0.08416  0.08076  0.50   40097    3238   38478   283566   7.07
1950-1959       81      0.09196  0.08792  0.50   36859    3241   35239   245087   6.65
1950-1959       82      0.10215  0.09718  0.50   33618    3267   31985   209849   6.24
1950-1959       83      0.11356  0.10746  0.50   30351    3261   28721   177864   5.86
1950-1959       84      0.12602  0.11855  0.50   27090    3212   25484   149143   5.51
1950-1959       85      0.13936  0.13028  0.50   23878    3111   22323   123659   5.18
1950-1959       86      0.15154  0.14086  0.50   20768    2925   19305   101336   4.88
1950-1959       87      0.16440  0.15191  0.50   17842    2710   16487    82031   4.60
1950-1959       88      0.17538  0.16124  0.50   15132    2440   13912    65544   4.33
1950-1959       89      0.19114  0.17447  0.50   12692    2214   11585    51632   4.07
1950-1959       90      0.21659  0.19543  0.50   10478    2048    9454    40047   3.82
1950-1959       91      0.21958  0.19786  0.50    8430    1668    7596    30594   3.63
1950-1959       92      0.24317  0.21681  0.50    6762    1466    6029    22998   3.40
1950-1959       93      0.26395  0.23318  0.50    5296    1235    4679    16969   3.20
1950-1959       94      0.28535  0.24972  0.50    4061    1014    3554    12290   3.03
1950-1959       95      0.30211  0.26247  0.50    3047     800    2647     8736   2.87
1950-1959       96      0.32398  0.27881  0.50    2247     627    1934     6089   2.71
1950-1959       97      0.34663  0.29543  0.50    1621     479    1381     4155   2.56
1950-1959       98      0.37001  0.31224  0.50    1142     357     964     2774   2.43
1950-1959       99      0.39401  0.32916  0.50     785     259     656     1810   2.31
1950-1959      100      0.41853  0.34611  0.50     527     182     436     1154   2.19
1950-1959      101      0.44347  0.36298  0.50     344     125     282      719   2.09
1950-1959      102      0.46869  0.37971  0.50     219      83     178      437   1.99
1950-1959      103      0.49407  0.39620  0.50     136      54     109      259   1.90
1950-1959      104      0.51948  0.41237  0.50      82      34      65      150   1.82
1950-1959      105      0.54480  0.42817  0.50      48      21      38       84   1.75
1950-1959      106      0.56988  0.44351  0.50      28      12      21       46   1.68
1950-1959      107      0.59461  0.45834  0.50      15       7      12       25   1.62
1950-1959      108      0.61887  0.47262  0.50       8       4       6       13   1.57
1950-1959      109      0.64255  0.48631  0.50       4       2       3        7   1.53
1950-1959      110+     0.66555  1.00000  1.50       2       2       3        3   1.50
1960-1969        0      0.02129  0.02090  0.13  100000    2090   98180  7386597  73.87
1960-1969        1      0.00146  0.00146  0.50   97910     143   97839  7288417  74.44
1960-1969        2      0.00088  0.00088  0.50   97767      86   97724  7190578  73.55
1960-1969        3      0.00067  0.00066  0.50   97681      65   97649  7092854  72.61
1960-1969        4      0.00055  0.00055  0.50   97616      53   97590  6995205  71.66
1960-1969        5      0.00048  0.00048  0.50   97563      47   97539  6897616  70.70
1960-1969        6      0.00041  0.00041  0.50   97516      40   97496  6800076  69.73
1960-1969        7      0.00036  0.00036  0.50   97476      36   97458  6702580  68.76
1960-1969        8      0.00033  0.00033  0.50   97441      32   97424  6605122  67.79
1960-1969        9      0.00030  0.00030  0.50   97408      29   97394  6507698  66.81
1960-1969       10      0.00028  0.00028  0.50   97379      27   97366  6410304  65.83
1960-1969       11      0.00029  0.00029  0.50   97352      28   97338  6312939  64.85
1960-1969       12      0.00030  0.00030  0.50   97324      29   97310  6215600  63.86
1960-1969       13      0.00032  0.00032  0.50   97295      31   97280  6118291  62.88
1960-1969       14      0.00035  0.00035  0.50   97264      34   97247  6021011  61.90
1960-1969       15      0.00043  0.00043  0.50   97230      42   97209  5923764  60.93
1960-1969       16      0.00051  0.00051  0.50   97188      50   97163  5826556  59.95
1960-1969       17      0.00058  0.00058  0.50   97138      56   97110  5729393  58.98
1960-1969       18      0.00064  0.00064  0.50   97082      62   97051  5632283  58.02
1960-1969       19      0.00068  0.00068  0.50   97019      66   96986  5535233  57.05
1960-1969       20      0.00066  0.00066  0.50   96953      64   96921  5438246  56.09
1960-1969       21      0.00071  0.00071  0.50   96889      69   96855  5341325  55.13
1960-1969       22      0.00071  0.00071  0.50   96821      69   96786  5244470  54.17
1960-1969       23      0.00073  0.00073  0.50   96752      70   96716  5147684  53.21
1960-1969       24      0.00075  0.00075  0.50   96681      73   96645  5050967  52.24
1960-1969       25      0.00080  0.00080  0.50   96608      78   96570  4954322  51.28
1960-1969       26      0.00081  0.00081  0.50   96531      78   96492  4857753  50.32
1960-1969       27      0.00086  0.00086  0.50   96452      83   96411  4761261  49.36
1960-1969       28      0.00091  0.00091  0.50   96370      88   96326  4664850  48.41
1960-1969       29      0.00097  0.00097  0.50   96282      93   96235  4568524  47.45
1960-1969       30      0.00103  0.00103  0.50   96188      99   96139  4472289  46.50
1960-1969       31      0.00112  0.00112  0.50   96089     108   96035  4376150  45.54
1960-1969       32      0.00124  0.00124  0.50   95981     119   95922  4280115  44.59
1960-1969       33      0.00132  0.00131  0.50   95863     126   95800  4184193  43.65
1960-1969       34      0.00144  0.00144  0.50   95737     138   95668  4088393  42.70
1960-1969       35      0.00156  0.00156  0.50   95599     149   95524  3992725  41.77
1960-1969       36      0.00166  0.00166  0.50   95450     158   95370  3897201  40.83
1960-1969       37      0.00180  0.00180  0.50   95291     172   95205  3801831  39.90
1960-1969       38      0.00199  0.00199  0.50   95120     189   95025  3706625  38.97
1960-1969       39      0.00217  0.00217  0.50   94930     206   94827  3611600  38.04
1960-1969       40      0.00234  0.00234  0.50   94724     222   94614  3516773  37.13
1960-1969       41      0.00248  0.00248  0.50   94503     234   94386  3422159  36.21
1960-1969       42      0.00283  0.00282  0.50   94269     266   94136  3327774  35.30
1960-1969       43      0.00305  0.00305  0.50   94003     287   93859  3233638  34.40
1960-1969       44      0.00324  0.00323  0.50   93716     303   93564  3139779  33.50
1960-1969       45      0.00357  0.00357  0.50   93413     333   93247  3046215  32.61
1960-1969       46      0.00383  0.00383  0.50   93080     356   92902  2952968  31.73
1960-1969       47      0.00427  0.00426  0.50   92724     395   92526  2860066  30.84
1960-1969       48      0.00460  0.00459  0.50   92329     424   92117  2767540  29.97
1960-1969       49      0.00499  0.00497  0.50   91905     457   91677  2675423  29.11
1960-1969       50      0.00549  0.00548  0.50   91448     501   91197  2583746  28.25
1960-1969       51      0.00576  0.00574  0.50   90947     522   90686  2492549  27.41
1960-1969       52      0.00641  0.00639  0.50   90425     578   90136  2401863  26.56
1960-1969       53      0.00676  0.00674  0.50   89847     605   89544  2311727  25.73
1960-1969       54      0.00726  0.00723  0.50   89241     645   88919  2222183  24.90
1960-1969       55      0.00765  0.00762  0.50   88596     675   88259  2133264  24.08
1960-1969       56      0.00822  0.00818  0.50   87921     720   87561  2045005  23.26
1960-1969       57      0.00886  0.00883  0.50   87201     770   86817  1957444  22.45
1960-1969       58      0.00975  0.00970  0.50   86432     838   86013  1870628  21.64
1960-1969       59      0.01062  0.01057  0.50   85593     905   85141  1784615  20.85
1960-1969       60      0.01193  0.01186  0.50   84689    1004   84187  1699474  20.07
1960-1969       61      0.01258  0.01250  0.50   83685    1046   83162  1615287  19.30
1960-1969       62      0.01469  0.01459  0.50   82639    1205   82036  1532125  18.54
1960-1969       63      0.01542  0.01530  0.50   81433    1246   80810  1450089  17.81
1960-1969       64      0.01651  0.01638  0.50   80188    1313   79531  1369279  17.08
1960-1969       65      0.01888  0.01870  0.50   78874    1475   78137  1289748  16.35
1960-1969       66      0.01937  0.01918  0.50   77399    1485   76657  1211611  15.65
1960-1969       67      0.02162  0.02139  0.50   75915    1624   75102  1134954  14.95
1960-1969       68      0.02349  0.02322  0.50   74290    1725   73428  1059852  14.27
1960-1969       69      0.02498  0.02468  0.50   72565    1791   71670   986424  13.59
1960-1969       70      0.02838  0.02799  0.50   70775    1981   69784   914754  12.92
1960-1969       71      0.02933  0.02890  0.50   68794    1988   67800   844970  12.28
1960-1969       72      0.03485  0.03426  0.50   66806    2288   65661   777170  11.63
1960-1969       73      0.03768  0.03699  0.50   64517    2386   63324   711508  11.03
1960-1969       74      0.04189  0.04103  0.50   62131    2549   60856   648184  10.43
1960-1969       75      0.04765  0.04654  0.50   59582    2773   58195   587328   9.86
1960-1969       76      0.05155  0.05025  0.50   56809    2855   55381   529133   9.31
1960-1969       77      0.05619  0.05465  0.50   53954    2949   52480   473751   8.78
1960-1969       78      0.06461  0.06258  0.50   51005    3192   49409   421271   8.26
1960-1969       79      0.07160  0.06912  0.50   47813    3305   46161   371862   7.78
1960-1969       80      0.07946  0.07642  0.50   44508    3402   42808   325701   7.32
1960-1969       81      0.08285  0.07955  0.50   41107    3270   39472   282894   6.88
1960-1969       82      0.09527  0.09093  0.50   37837    3441   36116   243422   6.43
1960-1969       83      0.10679  0.10138  0.50   34396    3487   32652   207306   6.03
1960-1969       84      0.11873  0.11207  0.50   30909    3464   29177   174653   5.65
1960-1969       85      0.13086  0.12282  0.50   27445    3371   25759   145477   5.30
1960-1969       86      0.14336  0.13377  0.50   24074    3220   22464   119717   4.97
1960-1969       87      0.15887  0.14718  0.50   20854    3069   19319    97253   4.66
1960-1969       88      0.17122  0.15772  0.50   17784    2805   16382    77934   4.38
1960-1969       89      0.18776  0.17165  0.50   14980    2571   13694    61552   4.11
1960-1969       90      0.20940  0.18955  0.50   12408    2352   11232    47858   3.86
1960-1969       91      0.21697  0.19573  0.50   10056    1968    9072    36626   3.64
1960-1969       92      0.24055  0.21473  0.50    8088    1737    7220    27554   3.41
1960-1969       93      0.26075  0.23067  0.50    6351    1465    5619    20334   3.20
1960-1969       94      0.28210  0.24723  0.50    4886    1208    4282    14716   3.01
1960-1969       95      0.30357  0.26356  0.50    3678     969    3193    10433   2.84
1960-1969       96      0.32693  0.28100  0.50    2709     761    2328     7240   2.67
1960-1969       97      0.35119  0.29873  0.50    1948     582    1657     4912   2.52
1960-1969       98      0.37624  0.31667  0.50    1366     432    1150     3255   2.38
1960-1969       99      0.40197  0.33470  0.50     933     312     777     2105   2.26
1960-1969      100      0.42825  0.35272  0.50     621     219     511     1328   2.14
1960-1969      101      0.45494  0.37063  0.50     402     149     327      817   2.03
1960-1969      102      0.48189  0.38833  0.50     253      98     204      490   1.94
1960-1969      103      0.50895  0.40571  0.50     155      63     123      286   1.85
1960-1969      104      0.53596  0.42269  0.50      92      39      73      162   1.77
1960-1969      105      0.56276  0.43918  0.50      53      23      41       90   1.69
1960-1969      106      0.58919  0.45512  0.50      30      14      23       48   1.63
1960-1969      107      0.61512  0.47044  0.50      16       8      12       25   1.57
1960-1969      108      0.64042  0.48509  0.50       9       4       7       13   1.52
1960-1969      109      0.66495  0.49904  0.50       4       2       3        7   1.48
1960-1969      110+     0.68863  1.00000  1.45       2       2       3        3   1.45
1970-1979        0      0.01456  0.01438  0.12  100000    1438   98734  7612216  76.12
1970-1979        1      0.00103  0.00103  0.50   98562     102   98512  7513483  76.23
1970-1979        2      0.00067  0.00067  0.50   98461      66   98428  7414971  75.31
1970-1979        3      0.00051  0.00051  0.50   98394      50   98370  7316543  74.36
1970-1979        4      0.00042  0.00042  0.50   98345      41   98324  7218174  73.40
1970-1979        5      0.00038  0.00038  0.50   98303      37   98285  7119850  72.43
1970-1979        6      0.00033  0.00033  0.50   98266      33   98250  7021565  71.45
1970-1979        7      0.00030  0.00030  0.50   98233      29   98219  6923315  70.48
1970-1979        8      0.00027  0.00027  0.50   98204      27   98191  6825096  69.50
1970-1979        9      0.00025  0.00025  0.50   98177      25   98165  6726905  68.52
1970-1979       10      0.00024  0.00024  0.50   98153      23   98141  6628740  67.53
1970-1979       11      0.00024  0.00024  0.50   98130      23   98118  6530599  66.55
1970-1979       12      0.00025  0.00025  0.50   98106      25   98094  6432481  65.57
1970-1979       13      0.00029  0.00029  0.50   98082      28   98068  6334387  64.58
1970-1979       14      0.00033  0.00033  0.50   98053      33   98037  6236319  63.60
1970-1979       15      0.00042  0.00042  0.50   98021      41   98000  6138282  62.62
1970-1979       16      0.00051  0.00051  0.50   97979      50   97954  6040282  61.65
1970-1979       17      0.00059  0.00059  0.50   97929      58   97900  5942327  60.68
1970-1979       18      0.00066  0.00066  0.50   97872      65   97839  5844427  59.72
1970-1979       19      0.00066  0.00066  0.50   97807      64   97774  5746588  58.75
1970-1979       20      0.00065  0.00065  0.50   97742      64   97710  5648814  57.79
1970-1979       21      0.00068  0.00068  0.50   97678      67   97645  5551104  56.83
1970-1979       22      0.00069  0.00069  0.50   97612      67   97578  5453459  55.87
1970-1979       23      0.00068  0.00068  0.50   97544      67   97511  5355880  54.91
1970-1979       24      0.00068  0.00068  0.50   97478      67   97444  5258369  53.94
1970-1979       25      0.00070  0.00070  0.50   97411      68   97377  5160925  52.98
1970-1979       26      0.00074  0.00074  0.50   97343      72   97308  5063548  52.02
1970-1979       27      0.00075  0.00075  0.50   97272      73   97235  4966240  51.06
1970-1979       28      0.00080  0.00080  0.50   97199      78   97160  4869005  50.09
1970-1979       29      0.00081  0.00081  0.50   97121      79   97082  4771845  49.13
1970-1979       30      0.00083  0.00083  0.50   97042      81   97002  4674764  48.17
1970-1979       31      0.00093  0.00093  0.50   96962      90   96916  4577762  47.21
1970-1979       32      0.00099  0.00099  0.50   96871      96   96823  4480845  46.26
1970-1979       33      0.00109  0.00109  0.50   96775     106   96722  4384022  45.30
1970-1979       34      0.00114  0.00114  0.50   96669     110   96614  4287300  44.35
1970-1979       35      0.00126  0.00126  0.50   96559     122   96498  4190686  43.40
1970-1979       36      0.00138  0.00138  0.50   96437     133   96370  4094188  42.45
1970-1979       37      0.00153  0.00153  0.50   96304     147   96230  3997818  41.51
1970-1979       38      0.00167  0.00167  0.50   96156     161   96076  3901588  40.58
1970-1979       39      0.00179  0.00178  0.50   95996     171   95910  3805512  39.64
1970-1979       40      0.00198  0.00198  0.50   95824     190   95729  3709602  38.71
1970-1979       41      0.00216  0.00216  0.50   95635     206   95532  3613873  37.79
1970-1979       42      0.00247  0.00247  0.50   95428     235   95311  3518341  36.87
1970-1979       43      0.00269  0.00268  0.50   95193     256   95065  3423030  35.96
1970-1979       44      0.00289  0.00288  0.50   94938     274   94801  3327965  35.05
1970-1979       45      0.00314  0.00314  0.50   94664     297   94516  3233164  34.15
1970-1979       46      0.00348  0.00347  0.50   94367     327   94203  3138649  33.26
1970-1979       47      0.00379  0.00379  0.50   94040     356   93862  3044445  32.37
1970-1979       48      0.00407  0.00406  0.50   93684     381   93493  2950583  31.50
1970-1979       49      0.00434  0.00433  0.50   93303     404   93101  2857090  30.62
1970-1979       50      0.00486  0.00485  0.50   92900     451   92674  2763989  29.75
1970-1979       51      0.00505  0.00504  0.50   92449     466   92216  2671314  28.90
1970-1979       52      0.00555  0.00553  0.50   91983     509   91729  2579098  28.04
1970-1979       53      0.00598  0.00596  0.50   91474     545   91201  2487370  27.19
1970-1979       54      0.00643  0.00640  0.50   90929     582   90637  2396169  26.35
1970-1979       55      0.00695  0.00692  0.50   90346     625   90034  2305531  25.52
1970-1979       56      0.00761  0.00758  0.50   89721     680   89381  2215498  24.69
1970-1979       57      0.00820  0.00816  0.50   89041     727   88678  2126117  23.88
1970-1979       58      0.00892  0.00888  0.50   88314     784   87922  2037439  23.07
1970-1979       59      0.00953  0.00949  0.50   87530     830   87115  1949517  22.27
1970-1979       60      0.01077  0.01071  0.50   86700     928   86235  1862402  21.48
1970-1979       61      0.01120  0.01114  0.50   85771     955   85294  1776167  20.71
1970-1979       62      0.01240  0.01233  0.50   84816    1046   84293  1690873  19.94
1970-1979       63      0.01302  0.01293  0.50   83770    1084   83229  1606580  19.18
1970-1979       64      0.01401  0.01391  0.50   82687    1150   82112  1523352  18.42
1970-1979       65      0.01552  0.01540  0.50   81537    1256   80909  1441240  17.68
1970-1979       66      0.01622  0.01609  0.50   80281    1291   79635  1360331  16.94
1970-1979       67      0.01794  0.01778  0.50   78989    1405   78287  1280696  16.21
1970-1979       68      0.01936  0.01918  0.50   77585    1488   76841  1202409  15.50
1970-1979       69      0.02155  0.02132  0.50   76097    1622   75286  1125568  14.79
1970-1979       70      0.02506  0.02475  0.50   74475    1843   73553  1050283  14.10
1970-1979       71      0.02617  0.02583  0.50   72631    1876   71694   976730  13.45
1970-1979       72      0.02989  0.02945  0.50   70756    2084   69714   905036  12.79
1970-1979       73      0.03229  0.03177  0.50   68672    2182   67581   835322  12.16
1970-1979       74      0.03581  0.03518  0.50   66490    2339   65320   767742  11.55
1970-1979       75      0.04022  0.03942  0.50   64150    2529   62886   702422  10.95
1970-1979       76      0.04302  0.04212  0.50   61621    2595   60324   639536  10.38
1970-1979       77      0.04673  0.04567  0.50   59026    2696   57678   579212   9.81
1970-1979       78      0.05127  0.04999  0.50   56331    2816   54923   521534   9.26
1970-1979       79      0.05713  0.05554  0.50   53515    2972   52029   466611   8.72
1970-1979       80      0.06524  0.06318  0.50   50542    3193   48946   414583   8.20
1970-1979       81      0.06995  0.06758  0.50   47349    3200   45749   365637   7.72
1970-1979       82      0.07884  0.07585  0.50   44149    3349   42475   319888   7.25
1970-1979       83      0.08821  0.08449  0.50   40801    3447   39077   277413   6.80
1970-1979       84      0.09837  0.09376  0.50   37354    3502   35603   238335   6.38
1970-1979       85      0.10792  0.10240  0.50   33851    3466   32118   202733   5.99
1970-1979       86      0.12006  0.11326  0.50   30385    3441   28665   170615   5.62
1970-1979       87      0.13117  0.12310  0.50   26944    3317   25285   141950   5.27
1970-1979       88      0.14351  0.13390  0.50   23627    3164   22045   116665   4.94
1970-1979       89      0.15794  0.14638  0.50   20463    2996   18966    94619   4.62
1970-1979       90      0.17603  0.16179  0.50   17468    2826   16055    75654   4.33
1970-1979       91      0.18713  0.17112  0.50   14642    2506   13389    59599   4.07
1970-1979       92      0.20708  0.18765  0.50   12136    2277   10998    46210   3.81
1970-1979       93      0.22655  0.20350  0.50    9859    2006    8856    35212   3.57
1970-1979       94      0.24715  0.21996  0.50    7853    1727    6989    26356   3.36
1970-1979       95      0.26408  0.23328  0.50    6125    1429    5411    19367   3.16
1970-1979       96      0.28586  0.25011  0.50    4696    1175    4109    13957   2.97
1970-1979       97      0.30869  0.26741  0.50    3522     942    3051     9847   2.80
1970-1979       98      0.33248  0.28509  0.50    2580     736    2212     6797   2.63
1970-1979       99      0.35717  0.30305  0.50    1844     559    1565     4584   2.49
1970-1979      100      0.38263  0.32118  0.50    1286     413    1079     3019   2.35
1970-1979      101      0.40876  0.33939  0.50     873     296     725     1940   2.22
1970-1979      102      0.43541  0.35757  0.50     576     206     473     1216   2.11
1970-1979      103      0.46244  0.37560  0.50     370     139     301      742   2.00
1970-1979      104      0.48970  0.39338  0.50     231      91     186      441   1.91
1970-1979      105      0.51701  0.41081  0.50     140      58     111      256   1.82
1970-1979      106      0.54422  0.42781  0.50      83      35      65      144   1.75
1970-1979      107      0.57118  0.44429  0.50      47      21      37       79   1.68
1970-1979      108      0.59771  0.46018  0.50      26      12      20       43   1.62
1970-1979      109      0.62369  0.47543  0.50      14       7      11       22   1.57
1970-1979      110+     0.64897  1.00000  1.54       7       7      11       11   1.54
1980-1989        0      0.00983  0.00975  0.13  100000     975   99151  7813546  78.14
1980-1989        1      0.00078  0.00078  0.50   99025      77   98987  7714395  77.90
1980-1989        2      0.00049  0.00049  0.50   98948      49   98924  7615409  76.96
1980-1989        3      0.00036  0.00036  0.50   98899      36   98881  7516485  76.00
1980-1989        4      0.00028  0.00028  0.50   98863      28   98849  7417604  75.03
1980-1989        5      0.00025  0.00025  0.50   98835      25   98823  7318755  74.05
1980-1989        6      0.00023  0.00023  0.50   98810      23   98799  7219932  73.07
1980-1989        7      0.00021  0.00021  0.50   98787      21   98777  7121133  72.09
1980-1989        8      0.00020  0.00020  0.50   98766      20   98756  7022357  71.10
1980-1989        9      0.00019  0.00019  0.50   98746      18   98737  6923600  70.12
1980-1989       10      0.00017  0.00017  0.50   98728      17   98719  6824863  69.13
1980-1989       11      0.00018  0.00018  0.50   98711      18   98702  6726144  68.14
1980-1989       12      0.00020  0.00020  0.50   98693      20   98683  6627442  67.15
1980-1989       13      0.00022  0.00022  0.50   98673      21   98663  6528759  66.17
1980-1989       14      0.00027  0.00027  0.50   98652      27   98638  6430096  65.18
1980-1989       15      0.00034  0.00034  0.50   98625      34   98608  6331458  64.20
1980-1989       16      0.00045  0.00045  0.50   98591      45   98569  6232850  63.22
1980-1989       17      0.00050  0.00050  0.50   98547      49   98522  6134281  62.25
1980-1989       18      0.00056  0.00056  0.50   98498      55   98470  6035758  61.28
1980-1989       19      0.00054  0.00054  0.50   98443      53   98416  5937288  60.31
1980-1989       20      0.00053  0.00053  0.50   98390      52   98364  5838872  59.34
1980-1989       21      0.00056  0.00056  0.50   98338      55   98310  5740508  58.38
1980-1989       22      0.00055  0.00055  0.50   98283      54   98256  5642198  57.41
1980-1989       23      0.00057  0.00057  0.50   98229      56   98201  5543942  56.44
1980-1989       24      0.00057  0.00057  0.50   98172      56   98144  5445742  55.47
1980-1989       25      0.00059  0.00059  0.50   98116      58   98087  5347597  54.50
1980-1989       26      0.00062  0.00062  0.50   98058      61   98027  5249511  53.53
1980-1989       27      0.00063  0.00063  0.50   97997      62   97966  5151483  52.57
1980-1989       28      0.00069  0.00069  0.50   97935      67   97901  5053517  51.60
1980-1989       29      0.00067  0.00067  0.50   97868      66   97835  4955615  50.64
1980-1989       30      0.00071  0.00071  0.50   97802      70   97767  4857780  49.67
1980-1989       31      0.00077  0.00077  0.50   97733      75   97695  4760013  48.70
1980-1989       32      0.00081  0.00081  0.50   97657      79   97617  4662318  47.74
1980-1989       33      0.00087  0.00087  0.50   97578      85   97535  4564701  46.78
1980-1989       34      0.00091  0.00091  0.50   97492      89   97448  4467166  45.82
1980-1989       35      0.00097  0.00097  0.50   97403      95   97356  4369718  44.86
1980-1989       36      0.00107  0.00107  0.50   97309     104   97257  4272361  43.91
1980-1989       37      0.00113  0.00113  0.50   97205     110   97150  4175104  42.95
1980-1989       38      0.00129  0.00129  0.50   97096     125   97033  4077954  42.00
1980-1989       39      0.00130  0.00130  0.50   96970     126   96907  3980921  41.05
1980-1989       40      0.00147  0.00147  0.50   96844     142   96773  3884014  40.11
1980-1989       41      0.00161  0.00161  0.50   96702     156   96624  3787240  39.16
1980-1989       42      0.00179  0.00179  0.50   96547     173   96460  3690616  38.23
1980-1989       43      0.00196  0.00196  0.50   96374     189   96279  3594156  37.29
1980-1989       44      0.00212  0.00212  0.50   96185     204   96083  3497876  36.37
1980-1989       45      0.00237  0.00236  0.50   95981     227   95867  3401794  35.44
1980-1989       46      0.00260  0.00260  0.50   95754     249   95629  3305927  34.53
1980-1989       47      0.00285  0.00285  0.50   95505     272   95369  3210297  33.61
1980-1989       48      0.00331  0.00331  0.50   95233     315   95076  3114928  32.71
1980-1989       49      0.00344  0.00343  0.50   94918     326   94755  3019853  31.82
1980-1989       50      0.00381  0.00380  0.50   94593     360   94413  2925097  30.92
1980-1989       51      0.00433  0.00432  0.50   94233     407   94029  2830685  30.04
1980-1989       52      0.00473  0.00472  0.50   93826     443   93605  2736655  29.17
1980-1989       53      0.00511  0.00510  0.50   93383     476   93145  2643051  28.30
1980-1989       54      0.00547  0.00546  0.50   92908     507   92654  2549905  27.45
1980-1989       55      0.00604  0.00602  0.50   92400     556   92122  2457251  26.59
1980-1989       56      0.00661  0.00659  0.50   91844     605   91542  2365129  25.75
1980-1989       57      0.00708  0.00706  0.50   91239     644   90917  2273587  24.92
1980-1989       58      0.00809  0.00806  0.50   90595     730   90230  2182670  24.09
1980-1989       59      0.00846  0.00843  0.50   89865     757   89487  2092439  23.28
1980-1989       60      0.00932  0.00928  0.50   89108     827   88694  2002953  22.48
1980-1989       61      0.01021  0.01015  0.50   88281     896   87833  1914258  21.68
1980-1989       62      0.01153  0.01147  0.50   87385    1002   86883  1826426  20.90
1980-1989       63      0.01217  0.01209  0.50   86382    1045   85860  1739542  20.14
1980-1989       64      0.01289  0.01280  0.50   85338    1093   84791  1653682  19.38
1980-1989       65      0.01422  0.01412  0.50   84245    1190   83650  1568891  18.62
1980-1989       66      0.01541  0.01529  0.50   83055    1270   82420  1485241  17.88
1980-1989       67      0.01659  0.01645  0.50   81785    1345   81112  1402820  17.15
1980-1989       68      0.01829  0.01812  0.50   80440    1458   79711  1321708  16.43
1980-1989       69      0.01939  0.01921  0.50   78982    1517   78224  1241997  15.73
1980-1989       70      0.02158  0.02135  0.50   77465    1654   76638  1163773  15.02
1980-1989       71      0.02325  0.02299  0.50   75811    1743   74940  1087135  14.34
1980-1989       72      0.02625  0.02591  0.50   74068    1919   73109  1012196  13.67
1980-1989       73      0.02871  0.02830  0.50   72149    2042   71128   939087  13.02
1980-1989       74      0.03047  0.03002  0.50   70107    2104   69055   867959  12.38
1980-1989       75      0.03369  0.03313  0.50   68003    2253   66876   798904  11.75
1980-1989       76      0.03715  0.03647  0.50   65750    2398   64551   732028  11.13
1980-1989       77      0.04030  0.03950  0.50   63352    2502   62100   667478  10.54
1980-1989       78      0.04418  0.04323  0.50   60849    2630   59534   605377   9.95
1980-1989       79      0.04910  0.04792  0.50   58219    2790   56824   545843   9.38
1980-1989       80      0.05625  0.05471  0.50   55429    3033   53912   489019   8.82
1980-1989       81      0.06181  0.05996  0.50   52396    3142   50825   435107   8.30
1980-1989       82      0.06909  0.06679  0.50   49254    3290   47610   384282   7.80
1980-1989       83      0.07688  0.07403  0.50   45965    3403   44263   336672   7.32
1980-1989       84      0.08521  0.08173  0.50   42562    3478   40823   292409   6.87
1980-1989       85      0.09453  0.09027  0.50   39084    3528   37320   251586   6.44
1980-1989       86      0.10540  0.10012  0.50   35556    3560   33776   214267   6.03
1980-1989       87      0.11673  0.11029  0.50   31996    3529   30231   180491   5.64
1980-1989       88      0.12792  0.12023  0.50   28467    3423   26756   150260   5.28
1980-1989       89      0.14187  0.13247  0.50   25044    3318   23385   123504   4.93
1980-1989       90      0.15739  0.14591  0.50   21727    3170   20142   100119   4.61
1980-1989       91      0.17159  0.15804  0.50   18557    2933   17090    79977   4.31
1980-1989       92      0.19027  0.17374  0.50   15624    2714   14267    62887   4.03
1980-1989       93      0.20922  0.18941  0.50   12909    2445   11687    48620   3.77
1980-1989       94      0.22876  0.20528  0.50   10464    2148    9390    36933   3.53
1980-1989       95      0.24678  0.21967  0.50    8316    1827    7403    27543   3.31
1980-1989       96      0.26857  0.23678  0.50    6489    1537    5721    20140   3.10
1980-1989       97      0.29155  0.25445  0.50    4953    1260    4323    14419   2.91
1980-1989       98      0.31564  0.27262  0.50    3693    1007    3189    10097   2.73
1980-1989       99      0.34077  0.29116  0.50    2686     782    2295     6907   2.57
1980-1989      100      0.36682  0.30997  0.50    1904     590    1609     4613   2.42
1980-1989      101      0.39368  0.32893  0.50    1314     432    1098     3004   2.29
1980-1989      102      0.42119  0.34792  0.50     882     307     728     1906   2.16
1980-1989      103      0.44920  0.36682  0.50     575     211     469     1178   2.05
1980-1989      104      0.47754  0.38550  0.50     364     140     294      708   1.95
1980-1989      105      0.50603  0.40385  0.50     224      90     179      415   1.85
1980-1989      106      0.53447  0.42176  0.50     133      56     105      236   1.77
1980-1989      107      0.56269  0.43914  0.50      77      34      60      131   1.70
1980-1989      108      0.59052  0.45591  0.50      43      20      33       71   1.63
1980-1989      109      0.61777  0.47198  0.50      24      11      18       37   1.58
1980-1989      110+     0.64430  1.00000  1.55      12      12      19       19   1.55
1990-1999        0      0.00738  0.00734  0.13  100000     734   99364  7914586  79.15
1990-1999        1      0.00059  0.00059  0.50   99266      59   99237  7815221  78.73
1990-1999        2      0.00037  0.00037  0.50   99208      37   99189  7715985  77.78
1990-1999        3      0.00028  0.00028  0.50   99171      28   99157  7616795  76.80
1990-1999        4      0.00022  0.00022  0.50   99143      22   99132  7517638  75.83
1990-1999        5      0.00019  0.00019  0.50   99121      19   99112  7418506  74.84
1990-1999        6      0.00018  0.00018  0.50   99102      17   99093  7319394  73.86
1990-1999        7      0.00017  0.00017  0.50   99085      17   99076  7220301  72.87
1990-1999        8      0.00016  0.00016  0.50   99068      16   99060  7121224  71.88
1990-1999        9      0.00015  0.00015  0.50   99053      15   99045  7022164  70.89
1990-1999       10      0.00015  0.00015  0.50   99038      14   99031  6923119  69.90
1990-1999       11      0.00015  0.00015  0.50   99024      15   99016  6824088  68.91
1990-1999       12      0.00017  0.00017  0.50   99009      17   99000  6725072  67.92
1990-1999       13      0.00019  0.00019  0.50   98992      19   98982  6626072  66.94
1990-1999       14      0.00025  0.00025  0.50   98973      25   98960  6527090  65.95
1990-1999       15      0.00032  0.00032  0.50   98948      31   98932  6428129  64.96
1990-1999       16      0.00043  0.00043  0.50   98916      43   98895  6329197  63.99
1990-1999       17      0.00047  0.00047  0.50   98873      46   98850  6230303  63.01
1990-1999       18      0.00050  0.00050  0.50   98827      49   98802  6131452  62.04
1990-1999       19      0.00047  0.00047  0.50   98778      46   98754  6032650  61.07
1990-1999       20      0.00047  0.00047  0.50   98731      46   98708  5933896  60.10
1990-1999       21      0.00049  0.00049  0.50   98685      48   98661  5835187  59.13
1990-1999       22      0.00049  0.00049  0.50   98637      48   98612  5736527  58.16
1990-1999       23      0.00050  0.00050  0.50   98588      49   98564  5637914  57.19
1990-1999       24      0.00051  0.00051  0.50   98539      50   98514  5539351  56.21
1990-1999       25      0.00054  0.00054  0.50   98489      53   98462  5440837  55.24
1990-1999       26      0.00056  0.00056  0.50   98436      55   98408  5342375  54.27
1990-1999       27      0.00060  0.00060  0.50   98380      59   98351  5243967  53.30
1990-1999       28      0.00064  0.00064  0.50   98321      63   98290  5145616  52.33
1990-1999       29      0.00065  0.00065  0.50   98258      64   98226  5047327  51.37
1990-1999       30      0.00070  0.00070  0.50   98194      69   98160  4949101  50.40
1990-1999       31      0.00078  0.00078  0.50   98125      77   98087  4850941  49.44
1990-1999       32      0.00081  0.00081  0.50   98048      79   98008  4752854  48.47
1990-1999       33      0.00089  0.00089  0.50   97969      87   97925  4654846  47.51
1990-1999       34      0.00094  0.00094  0.50   97882      92   97836  4556921  46.56
1990-1999       35      0.00101  0.00101  0.50   97790      98   97741  4459085  45.60
1990-1999       36      0.00109  0.00109  0.50   97691     107   97638  4361344  44.64
1990-1999       37      0.00118  0.00118  0.50   97585     115   97527  4263706  43.69
1990-1999       38      0.00132  0.00131  0.50   97470     128   97406  4166179  42.74
1990-1999       39      0.00132  0.00132  0.50   97342     129   97277  4068773  41.80
1990-1999       40      0.00143  0.00143  0.50   97213     139   97143  3971495  40.85
1990-1999       41      0.00158  0.00158  0.50   97074     153   96997  3874352  39.91
1990-1999       42      0.00169  0.00169  0.50   96921     163   96839  3777355  38.97
1990-1999       43      0.00183  0.00183  0.50   96757     177   96669  3680516  38.04
1990-1999       44      0.00195  0.00195  0.50   96580     188   96486  3583847  37.11
1990-1999       45      0.00211  0.00211  0.50   96392     203   96290  3487361  36.18
1990-1999       46      0.00234  0.00234  0.50   96188     225   96076  3391071  35.25
1990-1999       47      0.00254  0.00254  0.50   95963     243   95842  3294995  34.34
1990-1999       48      0.00286  0.00285  0.50   95720     273   95584  3199154  33.42
1990-1999       49      0.00300  0.00299  0.50   95447     286   95304  3103570  32.52
1990-1999       50      0.00328  0.00327  0.50   95161     311   95006  3008266  31.61
1990-1999       51      0.00369  0.00368  0.50   94850     349   94675  2913260  30.71
1990-1999       52      0.00408  0.00407  0.50   94501     385   94308  2818585  29.83
1990-1999       53      0.00449  0.00448  0.50   94116     421   93905  2724276  28.95
1990-1999       54      0.00477  0.00476  0.50   93695     446   93472  2630371  28.07
1990-1999       55      0.00532  0.00530  0.50   93249     495   93001  2536900  27.21
1990-1999       56      0.00590  0.00588  0.50   92754     545   92481  2443898  26.35
1990-1999       57      0.00639  0.00637  0.50   92209     588   91915  2351417  25.50
1990-1999       58      0.00722  0.00719  0.50   91621     659   91292  2259502  24.66
1990-1999       59      0.00769  0.00766  0.50   90962     697   90614  2168210  23.84
1990-1999       60      0.00842  0.00838  0.50   90265     757   89887  2077597  23.02
1990-1999       61      0.00947  0.00943  0.50   89508     844   89087  1987710  22.21
1990-1999       62      0.01033  0.01028  0.50   88665     912   88209  1898623  21.41
1990-1999       63      0.01119  0.01113  0.50   87753     977   87265  1810414  20.63
1990-1999       64      0.01198  0.01191  0.50   86777    1033   86260  1723150  19.86
1990-1999       65      0.01318  0.01309  0.50   85743    1123   85182  1636890  19.09
1990-1999       66      0.01425  0.01415  0.50   84621    1198   84022  1551708  18.34
1990-1999       67      0.01541  0.01529  0.50   83423    1276   82785  1467686  17.59
1990-1999       68      0.01707  0.01693  0.50   82147    1391   81452  1384901  16.86
1990-1999       69      0.01838  0.01821  0.50   80757    1470   80021  1303449  16.14
1990-1999       70      0.02004  0.01984  0.50   79286    1573   78500  1223428  15.43
1990-1999       71      0.02218  0.02193  0.50   77713    1705   76861  1144928  14.73
1990-1999       72      0.02439  0.02409  0.50   76009    1831   75093  1068067  14.05
1990-1999       73      0.02657  0.02622  0.50   74177    1945   73205   992974  13.39
1990-1999       74      0.02855  0.02815  0.50   72233    2033   71216   919769  12.73
1990-1999       75      0.03111  0.03064  0.50   70199    2151   69124   848553  12.09
1990-1999       76      0.03436  0.03378  0.50   68049    2299   66899   779429  11.45
1990-1999       77      0.03779  0.03708  0.50   65750    2438   64531   712530  10.84
1990-1999       78      0.04119  0.04036  0.50   63312    2555   62034   647999  10.24
1990-1999       79      0.04559  0.04457  0.50   60757    2708   59403   585965   9.64
1990-1999       80      0.05257  0.05122  0.50   58049    2973   56562   526562   9.07
1990-1999       81      0.05810  0.05646  0.50   55075    3109   53521   470000   8.53
1990-1999       82      0.06475  0.06272  0.50   51966    3259   50336   416480   8.01
1990-1999       83      0.07191  0.06942  0.50   48707    3381   47016   366143   7.52
1990-1999       84      0.07989  0.07682  0.50   45326    3482   43585   319127   7.04
1990-1999       85      0.08880  0.08503  0.50   41844    3558   40065   275543   6.59
1990-1999       86      0.09920  0.09451  0.50   38286    3619   36476   235478   6.15
1990-1999       87      0.11042  0.10464  0.50   34667    3628   32853   199001   5.74
1990-1999       88      0.12234  0.11528  0.50   31040    3578   29250   166148   5.35
1990-1999       89      0.13665  0.12791  0.50   27461    3513   25705   136898   4.99
1990-1999       90      0.15204  0.14130  0.50   23949    3384   22257   111193   4.64
1990-1999       91      0.16805  0.15503  0.50   20565    3188   18971    88936   4.32
1990-1999       92      0.18725  0.17122  0.50   17377    2975   15889    69965   4.03
1990-1999       93      0.20699  0.18758  0.50   14401    2701   13051    54076   3.75
1990-1999       94      0.22897  0.20545  0.50   11700    2404   10498    41026   3.51
1990-1999       95      0.24709  0.21992  0.50    9296    2044    8274    30528   3.28
1990-1999       96      0.27010  0.23797  0.50    7252    1726    6389    22253   3.07
1990-1999       97      0.29443  0.25665  0.50    5526    1418    4817    15864   2.87
1990-1999       98      0.31998  0.27585  0.50    4108    1133    3541    11047   2.69
1990-1999       99      0.34666  0.29545  0.50    2975     879    2535     7506   2.52
1990-1999      100      0.37434  0.31532  0.50    2096     661    1765     4971   2.37
1990-1999      101      0.40287  0.33532  0.50    1435     481    1194     3205   2.23
1990-1999      102      0.43207  0.35531  0.50     954     339     784     2011   2.11
1990-1999      103      0.46175  0.37514  0.50     615     231     500     1227   1.99
1990-1999      104      0.49171  0.39467  0.50     384     152     308      727   1.89
1990-1999      105      0.52172  0.41378  0.50     233      96     184      419   1.80
1990-1999      106      0.55158  0.43234  0.50     136      59     107      234   1.72
1990-1999      107      0.58107  0.45025  0.50      77      35      60      127   1.65
1990-1999      108      0.60999  0.46743  0.50      43      20      33       67   1.58
1990-1999      109      0.63816  0.48379  0.50      23      11      17       35   1.53
1990-1999      110+     0.66541  1.00000  1.50      12      12      18       18   1.50
2000-2009        0      0.00626  0.00623  0.14  100000     623   99462  8008396  80.08
2000-2009        1      0.00044  0.00044  0.50   99377      44   99356  7908933  79.58
2000-2009        2      0.00028  0.00028  0.50   99334      27   99320  7809578  78.62
2000-2009        3      0.00020  0.00020  0.50   99306      20   99297  7710258  77.64
2000-2009        4      0.00017  0.00017  0.50   99287      16   99278  7610961  76.66
2000-2009        5      0.00014  0.00014  0.50   99270      14   99263  7511683  75.67
2000-2009        6      0.00013  0.00013  0.50   99256      13   99249  7412420  74.68
2000-2009        7      0.00012  0.00012  0.50   99243      12   99236  7313171  73.69
2000-2009        8      0.00012  0.00012  0.50   99230      12   99224  7213934  72.70
2000-2009        9      0.00012  0.00012  0.50   99218      12   99212  7114710  71.71
2000-2009       10      0.00012  0.00012  0.50   99206      12   99200  7015498  70.72
2000-2009       11      0.00012  0.00012  0.50   99195      12   99188  6916297  69.72
2000-2009       12      0.00013  0.00013  0.50   99182      13   99176  6817109  68.73
2000-2009       13      0.00015  0.00015  0.50   99169      15   99162  6717933  67.74
2000-2009       14      0.00019  0.00019  0.50   99154      19   99145  6618771  66.75
2000-2009       15      0.00024  0.00024  0.50   99135      23   99124  6519626  65.76
2000-2009       16      0.00033  0.00033  0.50   99112      33   99096  6420502  64.78
2000-2009       17      0.00038  0.00038  0.50   99079      38   99060  6321407  63.80
2000-2009       18      0.00044  0.00044  0.50   99042      43   99020  6222346  62.83
2000-2009       19      0.00044  0.00044  0.50   98998      44   98977  6123326  61.85
2000-2009       20      0.00044  0.00044  0.50   98955      44   98933  6024350  60.88
2000-2009       21      0.00048  0.00048  0.50   98911      47   98887  5925417  59.91
2000-2009       22      0.00047  0.00047  0.50   98864      46   98840  5826530  58.94
2000-2009       23      0.00048  0.00048  0.50   98817      47   98793  5727689  57.96
2000-2009       24      0.00050  0.00050  0.50   98770      49   98745  5628896  56.99
2000-2009       25      0.00050  0.00050  0.50   98721      50   98696  5530151  56.02
2000-2009       26      0.00053  0.00053  0.50   98671      53   98645  5431454  55.05
2000-2009       27      0.00055  0.00055  0.50   98619      54   98592  5332809  54.08
2000-2009       28      0.00058  0.00058  0.50   98565      57   98536  5234218  53.10
2000-2009       29      0.00062  0.00062  0.50   98508      61   98477  5135682  52.13
2000-2009       30      0.00063  0.00063  0.50   98446      62   98415  5037205  51.17
2000-2009       31      0.00068  0.00068  0.50   98384      67   98351  4938790  50.20
2000-2009       32      0.00073  0.00073  0.50   98317      72   98281  4840439  49.23
2000-2009       33      0.00078  0.00078  0.50   98245      77   98207  4742158  48.27
2000-2009       34      0.00084  0.00084  0.50   98169      83   98127  4643951  47.31
2000-2009       35      0.00092  0.00092  0.50   98086      91   98041  4545824  46.35
2000-2009       36      0.00099  0.00099  0.50   97995      97   97947  4447783  45.39
2000-2009       37      0.00109  0.00109  0.50   97898     106   97845  4349836  44.43
2000-2009       38      0.00119  0.00119  0.50   97792     116   97734  4251991  43.48
2000-2009       39      0.00132  0.00132  0.50   97675     129   97611  4154258  42.53
2000-2009       40      0.00144  0.00144  0.50   97546     141   97476  4056647  41.59
2000-2009       41      0.00157  0.00156  0.50   97406     152   97329  3959171  40.65
2000-2009       42      0.00171  0.00170  0.50   97253     166   97170  3861842  39.71
2000-2009       43      0.00189  0.00189  0.50   97087     183   96996  3764671  38.78
2000-2009       44      0.00205  0.00205  0.50   96904     199   96805  3667675  37.85
2000-2009       45      0.00222  0.00222  0.50   96706     215   96598  3570871  36.93
2000-2009       46      0.00240  0.00240  0.50   96491     231   96375  3474272  36.01
2000-2009       47      0.00260  0.00260  0.50   96259     250   96134  3377897  35.09
2000-2009       48      0.00281  0.00280  0.50   96009     269   95875  3281763  34.18
2000-2009       49      0.00303  0.00302  0.50   95740     289   95595  3185889  33.28
2000-2009       50      0.00327  0.00327  0.50   95451     312   95295  3090293  32.38
2000-2009       51      0.00349  0.00349  0.50   95139     332   94973  2994998  31.48
2000-2009       52      0.00378  0.00377  0.50   94808     358   94629  2900025  30.59
2000-2009       53      0.00404  0.00403  0.50   94450     380   94260  2805396  29.70
2000-2009       54      0.00436  0.00435  0.50   94069     409   93865  2711136  28.82
2000-2009       55      0.00472  0.00471  0.50   93660     441   93440  2617271  27.94
2000-2009       56      0.00510  0.00508  0.50   93219     474   92983  2523832  27.07
2000-2009       57      0.00557  0.00555  0.50   92746     515   92488  2430849  26.21
2000-2009       58      0.00609  0.00607  0.50   92231     560   91951  2338361  25.35
2000-2009       59      0.00667  0.00665  0.50   91671     609   91366  2246410  24.51
2000-2009       60      0.00735  0.00732  0.50   91062     667   90728  2155043  23.67
2000-2009       61      0.00797  0.00794  0.50   90395     718   90036  2064315  22.84
2000-2009       62      0.00877  0.00874  0.50   89677     783   89286  1974279  22.02
2000-2009       63      0.00961  0.00956  0.50   88894     850   88469  1884993  21.20
2000-2009       64      0.01053  0.01048  0.50   88044     922   87583  1796524  20.40
2000-2009       65      0.01143  0.01137  0.50   87122     990   86627  1708941  19.62
2000-2009       66      0.01241  0.01233  0.50   86132    1062   85601  1622314  18.84
2000-2009       67      0.01364  0.01354  0.50   85070    1152   84494  1536714  18.06
2000-2009       68      0.01476  0.01465  0.50   83917    1229   83303  1452220  17.31
2000-2009       69      0.01619  0.01606  0.50   82688    1328   82024  1368917  16.56
2000-2009       70      0.01790  0.01774  0.50   81361    1444   80639  1286893  15.82
2000-2009       71      0.01943  0.01924  0.50   79917    1538   79148  1206254  15.09
2000-2009       72      0.02148  0.02125  0.50   78379    1666   77546  1127106  14.38
2000-2009       73      0.02351  0.02324  0.50   76713    1783   75822  1049560  13.68
2000-2009       74      0.02593  0.02560  0.50   74931    1918   73972   973738  13.00
2000-2009       75      0.02866  0.02826  0.50   73013    2063   71981   899766  12.32
2000-2009       76      0.03138  0.03090  0.50   70949    2192   69853   827785  11.67
2000-2009       77      0.03467  0.03408  0.50   68757    2343   67585   757932  11.02
2000-2009       78      0.03832  0.03760  0.50   66414    2497   65165   690346  10.39
2000-2009       79      0.04240  0.04152  0.50   63917    2654   62590   625181   9.78
2000-2009       80      0.04921  0.04803  0.50   61263    2943   59792   562592   9.18
2000-2009       81      0.05456  0.05311  0.50   58320    3098   56772   502800   8.62
2000-2009       82      0.06129  0.05946  0.50   55223    3284   53581   446028   8.08
2000-2009       83      0.06829  0.06603  0.50   51939    3430   50224   392448   7.56
2000-2009       84      0.07656  0.07374  0.50   48509    3577   46721   342223   7.05
2000-2009       85      0.08592  0.08238  0.50   44932    3702   43081   295503   6.58
2000-2009       86      0.09655  0.09211  0.50   41231    3798   39332   252421   6.12
2000-2009       87      0.10830  0.10273  0.50   37433    3846   35510   213090   5.69
2000-2009       88      0.12167  0.11470  0.50   33587    3852   31661   177580   5.29
2000-2009       89      0.13650  0.12778  0.50   29735    3800   27835   145918   4.91
2000-2009       90      0.15249  0.14169  0.50   25935    3675   24098   118083   4.55
2000-2009       91      0.17086  0.15741  0.50   22261    3504   20509    93985   4.22
2000-2009       92      0.19096  0.17432  0.50   18757    3270   17122    73476   3.92
2000-2009       93      0.21291  0.19243  0.50   15487    2980   13997    56355   3.64
2000-2009       94      0.23525  0.21049  0.50   12507    2633   11191    42358   3.39
2000-2009       95      0.25690  0.22765  0.50    9874    2248    8750    31167   3.16
2000-2009       96      0.28225  0.24734  0.50    7626    1886    6683    22417   2.94
2000-2009       97      0.30907  0.26770  0.50    5740    1537    4972    15734   2.74
2000-2009       98      0.33724  0.28858  0.50    4203    1213    3597    10762   2.56
2000-2009       99      0.36661  0.30982  0.50    2990     926    2527     7165   2.40
2000-2009      100      0.39701  0.33125  0.50    2064     684    1722     4638   2.25
2000-2009      101      0.42822  0.35270  0.50    1380     487    1137     2916   2.11
2000-2009      102      0.46002  0.37400  0.50     893     334     726     1779   1.99
2000-2009      103      0.49215  0.39496  0.50     559     221     449     1053   1.88
2000-2009      104      0.52434  0.41543  0.50     338     141     268      604   1.78
2000-2009      105      0.55633  0.43525  0.50     198      86     155      336   1.70
2000-2009      106      0.58786  0.45432  0.50     112      51      86      181   1.62
2000-2009      107      0.61868  0.47251  0.50      61      29      47       95   1.55
2000-2009      108      0.64858  0.48976  0.50      32      16      24       48   1.49
2000-2009      109      0.67735  0.50599  0.50      16       8      12       24   1.45
2000-2009      110+     0.70485  1.00000  1.42       8       8      11       11   1.42
2010-2019        0      0.00533  0.00530  0.14  100000     530   99543  8121766  81.22
2010-2019        1      0.00036  0.00036  0.50   99470      36   99452  8022223  80.65
2010-2019        2      0.00022  0.00022  0.50   99434      22   99423  7922772  79.68
2010-2019        3      0.00016  0.00016  0.50   99412      16   99403  7823349  78.70
2010-2019        4      0.00014  0.00014  0.50   99395      14   99388  7723946  77.71
2010-2019        5      0.00012  0.00012  0.50   99382      12   99376  7624557  76.72
2010-2019        6      0.00011  0.00011  0.50   99370      11   99364  7525182  75.73
2010-2019        7      0.00010  0.00010  0.50   99359      10   99354  7425817  74.74
2010-2019        8      0.00010  0.00010  0.50   99349      10   99344  7326463  73.74
2010-2019        9      0.00010  0.00010  0.50   99339      10   99335  7227119  72.75
2010-2019       10      0.00009  0.00009  0.50   99330       9   99325  7127784  71.76
2010-2019       11      0.00010  0.00010  0.50   99320      10   99315  7028459  70.77
2010-2019       12      0.00011  0.00011  0.50   99310      11   99305  6929144  69.77
2010-2019       13      0.00013  0.00013  0.50   99299      13   99292  6829839  68.78
2010-2019       14      0.00016  0.00016  0.50   99286      16   99278  6730547  67.79
2010-2019       15      0.00019  0.00019  0.50   99270      18   99261  6631269  66.80
2010-2019       16      0.00023  0.00023  0.50   99252      23   99240  6532008  65.81
2010-2019       17      0.00027  0.00027  0.50   99229      27   99215  6432768  64.83
2010-2019       18      0.00034  0.00034  0.50   99201      34   99184  6333553  63.85
2010-2019       19      0.00037  0.00037  0.50   99168      37   99149  6234369  62.87
2010-2019       20      0.00040  0.00040  0.50   99130      40   99110  6135219  61.89
2010-2019       21      0.00045  0.00045  0.50   99090      44   99068  6036109  60.92
2010-2019       22      0.00047  0.00047  0.50   99046      46   99023  5937041  59.94
2010-2019       23      0.00049  0.00049  0.50   99000      49   98976  5838018  58.97
2010-2019       24      0.00051  0.00051  0.50   98951      51   98926  5739042  58.00
2010-2019       25      0.00055  0.00055  0.50   98900      54   98873  5640116  57.03
2010-2019       26      0.00058  0.00058  0.50   98846      57   98817  5541243  56.06
2010-2019       27      0.00061  0.00061  0.50   98789      60   98759  5442426  55.09
2010-2019       28      0.00065  0.00065  0.50   98728      64   98696  5343667  54.12
2010-2019       29      0.00069  0.00069  0.50   98664      68   98630  5244971  53.16
2010-2019       30      0.00074  0.00074  0.50   98596      73   98560  5146341  52.20
2010-2019       31      0.00078  0.00078  0.50   98523      76   98485  5047781  51.23
2010-2019       32      0.00083  0.00083  0.50   98447      82   98406  4949296  50.27
2010-2019       33      0.00088  0.00088  0.50   98365      87   98322  4850890  49.32
2010-2019       34      0.00092  0.00092  0.50   98279      91   98233  4752568  48.36
2010-2019       35      0.00099  0.00099  0.50   98188      97   98139  4654335  47.40
2010-2019       36      0.00105  0.00105  0.50   98090     103   98039  4556196  46.45
2010-2019       37      0.00111  0.00111  0.50   97987     108   97933  4458157  45.50
2010-2019       38      0.00119  0.00118  0.50   97879     116   97821  4360224  44.55
2010-2019       39      0.00127  0.00127  0.50   97763     124   97701  4262403  43.60
2010-2019       40      0.00135  0.00135  0.50   97639     132   97573  4164702  42.65
2010-2019       41      0.00144  0.00144  0.50   97508     141   97437  4067128  41.71
2010-2019       42      0.00157  0.00157  0.50   97367     153   97290  3969691  40.77
2010-2019       43      0.00171  0.00171  0.50   97214     166   97131  3872400  39.83
2010-2019       44      0.00185  0.00184  0.50   97048     179   96959  3775269  38.90
2010-2019       45      0.00202  0.00202  0.50   96869     196   96771  3678311  37.97
2010-2019       46      0.00223  0.00223  0.50   96673     216   96566  3581540  37.05
2010-2019       47      0.00241  0.00240  0.50   96458     232   96342  3484974  36.13
2010-2019       48      0.00264  0.00263  0.50   96226     254   96099  3388632  35.22
2010-2019       49      0.00290  0.00289  0.50   95972     278   95834  3292533  34.31
2010-2019       50      0.00317  0.00316  0.50   95695     302   95544  3196699  33.41
2010-2019       51      0.00346  0.00345  0.50   95392     329   95228  3101156  32.51
2010-2019       52      0.00375  0.00374  0.50   95063     355   94885  3005928  31.62
2010-2019       53      0.00403  0.00402  0.50   94708     381   94517  2911043  30.74
2010-2019       54      0.00437  0.00436  0.50   94327     412   94121  2816526  29.86
2010-2019       55      0.00472  0.00471  0.50   93915     442   93694  2722405  28.99
2010-2019       56      0.00510  0.00508  0.50   93473     475   93236  2628711  28.12
2010-2019       57      0.00550  0.00548  0.50   92998     510   92743  2535475  27.26
2010-2019       58      0.00587  0.00585  0.50   92488     541   92218  2442732  26.41
2010-2019       59      0.00627  0.00625  0.50   91947     574   91660  2350514  25.56
2010-2019       60      0.00675  0.00673  0.50   91373     615   91065  2258854  24.72
2010-2019       61      0.00725  0.00722  0.50   90758     655   90430  2167789  23.89
2010-2019       62      0.00782  0.00779  0.50   90103     702   89751  2077358  23.06
2010-2019       63      0.00845  0.00841  0.50   89400     752   89024  1987607  22.23
2010-2019       64      0.00912  0.00908  0.50   88648     805   88246  1898582  21.42
2010-2019       65      0.00983  0.00978  0.50   87844     860   87414  1810336  20.61
2010-2019       66      0.01063  0.01057  0.50   86984     920   86524  1722923  19.81
2010-2019       67      0.01158  0.01151  0.50   86064     991   85569  1636398  19.01
2010-2019       68      0.01265  0.01257  0.50   85074    1070   84539  1550829  18.23
2010-2019       69      0.01388  0.01379  0.50   84004    1158   83425  1466290  17.45
2010-2019       70      0.01528  0.01517  0.50   82846    1257   82218  1382865  16.69
2010-2019       71      0.01675  0.01661  0.50   81590    1355   80912  1300647  15.94
2010-2019       72      0.01846  0.01829  0.50   80234    1468   79500  1219735  15.20
2010-2019       73      0.02024  0.02003  0.50   78766    1578   77978  1140235  14.48
2010-2019       74      0.02231  0.02206  0.50   77189    1703   76337  1062257  13.76
2010-2019       75      0.02474  0.02444  0.50   75486    1845   74563   985920  13.06
2010-2019       76      0.02720  0.02683  0.50   73641    1976   72653   911357  12.38
2010-2019       77      0.03015  0.02970  0.50   71665    2129   70601   838704  11.70
2010-2019       78      0.03336  0.03281  0.50   69536    2282   68396   768103  11.05
2010-2019       79      0.03718  0.03651  0.50   67255    2455   66027   699708  10.40
2010-2019       80      0.04204  0.04117  0.50   64799    2668   63465   633681   9.78
2010-2019       81      0.04694  0.04586  0.50   62131    2850   60707   570215   9.18
2010-2019       82      0.05301  0.05164  0.50   59282    3061   57751   509509   8.59
2010-2019       83      0.05948  0.05776  0.50   56221    3247   54597   451757   8.04
2010-2019       84      0.06710  0.06492  0.50   52973    3439   51254   397160   7.50
2010-2019       85      0.07603  0.07324  0.50   49534    3628   47720   345907   6.98
2010-2019       86      0.08558  0.08207  0.50   45906    3767   44022   298186   6.50
2010-2019       87      0.09739  0.09287  0.50   42139    3913   40182   254164   6.03
2010-2019       88      0.10957  0.10388  0.50   38225    3971   36240   213982   5.60
2010-2019       89      0.12361  0.11641  0.50   34255    3988   32261   177742   5.19
2010-2019       90      0.14009  0.13092  0.50   30267    3963   28286   145481   4.81
2010-2019       91      0.15668  0.14530  0.50   26305    3822   24394   117195   4.46
2010-2019       92      0.17535  0.16122  0.50   22483    3625   20670    92802   4.13
2010-2019       93      0.19531  0.17793  0.50   18858    3355   17180    72132   3.82
2010-2019       94      0.21864  0.19709  0.50   15503    3055   13975    54951   3.54
2010-2019       95      0.24084  0.21495  0.50   12447    2676   11109    40976   3.29
2010-2019       96      0.26616  0.23490  0.50    9772    2295    8624    29867   3.06
2010-2019       97      0.29312  0.25565  0.50    7476    1911    6521    21243   2.84
2010-2019       98      0.32162  0.27706  0.50    5565    1542    4794    14723   2.65
2010-2019       99      0.35150  0.29896  0.50    4023    1203    3422     9929   2.47
2010-2019      100      0.38260  0.32116  0.50    2820     906    2367     6507   2.31
2010-2019      101      0.41469  0.34347  0.50    1915     658    1586     4139   2.16
2010-2019      102      0.44752  0.36569  0.50    1257     460    1027     2554   2.03
2010-2019      103      0.48081  0.38763  0.50     797     309     643     1527   1.91
2010-2019      104      0.51428  0.40909  0.50     488     200     388      884   1.81
2010-2019      105      0.54762  0.42991  0.50     289     124     226      495   1.72
2010-2019      106      0.58053  0.44993  0.50     164      74     127      269   1.63
2010-2019      107      0.61275  0.46904  0.50      90      42      69      141   1.56
2010-2019      108      0.64401  0.48714  0.50      48      23      36       72   1.50
2010-2019      109      0.67408  0.50416  0.50      25      12      18       36   1.45
2010-2019      110+     0.70279  1.00000  1.42      12      12      17       17   1.42
2020-2021        0      0.00498  0.00496  0.14  100000     496   99573  7961812  79.62
2020-2021        1      0.00035  0.00035  0.50   99504      35   99486  7862240  79.01
2020-2021        2      0.00022  0.00022  0.50   99469      22   99458  7762753  78.04
2020-2021        3      0.00016  0.00016  0.50   99447      16   99439  7663295  77.06
2020-2021        4      0.00013  0.00013  0.50   99432      13   99425  7563856  76.07
2020-2021        5      0.00011  0.00011  0.50   99418      11   99413  7464431  75.08
2020-2021        6      0.00010  0.00010  0.50   99407      10   99402  7365018  74.09
2020-2021        7      0.00010  0.00010  0.50   99397      10   99392  7265616  73.10
2020-2021        8      0.00010  0.00010  0.50   99387      10   99382  7166224  72.10
2020-2021        9      0.00009  0.00009  0.50   99377       9   99373  7066842  71.11
2020-2021       10      0.00010  0.00010  0.50   99368      10   99363  6967470  70.12
2020-2021       11      0.00011  0.00011  0.50   99359      10   99353  6868106  69.12
2020-2021       12      0.00012  0.00012  0.50   99348      12   99342  6768753  68.13
2020-2021       13      0.00015  0.00015  0.50   99336      15   99328  6669411  67.14
2020-2021       14      0.00018  0.00018  0.50   99321      18   99312  6570082  66.15
2020-2021       15      0.00021  0.00021  0.50   99303      21   99293  6470770  65.16
2020-2021       16      0.00027  0.00027  0.50   99282      27   99269  6371478  64.18
2020-2021       17      0.00031  0.00031  0.50   99256      31   99240  6272209  63.19
2020-2021       18      0.00043  0.00043  0.50   99224      42   99203  6172969  62.21
2020-2021       19      0.00045  0.00045  0.50   99182      45   99160  6073765  61.24
2020-2021       20      0.00051  0.00051  0.50   99137      50   99112  5974606  60.27
2020-2021       21      0.00057  0.00057  0.50   99087      57   99059  5875493  59.30
2020-2021       22      0.00059  0.00059  0.50   99031      59   99001  5776435  58.33
2020-2021       23      0.00066  0.00066  0.50   98972      65   98939  5677433  57.36
2020-2021       24      0.00069  0.00069  0.50   98907      68   98873  5578494  56.40
2020-2021       25      0.00074  0.00074  0.50   98839      74   98802  5479621  55.44
2020-2021       26      0.00078  0.00078  0.50   98766      77   98727  5380818  54.48
2020-2021       27      0.00085  0.00084  0.50   98688      83   98647  5282091  53.52
2020-2021       28      0.00089  0.00089  0.50   98605      88   98561  5183444  52.57
2020-2021       29      0.00098  0.00098  0.50   98517      96   98469  5084883  51.61
2020-2021       30      0.00105  0.00105  0.50   98421     103   98369  4986415  50.66
2020-2021       31      0.00109  0.00109  0.50   98317     107   98264  4888046  49.72
2020-2021       32      0.00121  0.00120  0.50   98210     118   98151  4789782  48.77
2020-2021       33      0.00129  0.00129  0.50   98092     127   98028  4691631  47.83
2020-2021       34      0.00133  0.00133  0.50   97965     130   97900  4593603  46.89
2020-2021       35      0.00141  0.00141  0.50   97834     138   97765  4495704  45.95
2020-2021       36      0.00149  0.00149  0.50   97696     145   97624  4397938  45.02
2020-2021       37      0.00160  0.00159  0.50   97551     155   97473  4300315  44.08
2020-2021       38      0.00166  0.00166  0.50   97395     162   97314  4202842  43.15
2020-2021       39      0.00178  0.00177  0.50   97233     172   97147  4105527  42.22
2020-2021       40      0.00189  0.00189  0.50   97061     183   96969  4008380  41.30
2020-2021       41      0.00203  0.00203  0.50   96878     197   96780  3911411  40.37
2020-2021       42      0.00214  0.00214  0.50   96681     207   96578  3814631  39.46
2020-2021       43      0.00226  0.00225  0.50   96475     217   96366  3718053  38.54
2020-2021       44      0.00240  0.00239  0.50   96257     230   96142  3621687  37.63
2020-2021       45      0.00256  0.00256  0.50   96027     246   95904  3525545  36.71
2020-2021       46      0.00279  0.00278  0.50   95781     266   95648  3429641  35.81
2020-2021       47      0.00297  0.00297  0.50   95515     284   95373  3333993  34.91
2020-2021       48      0.00320  0.00320  0.50   95231     304   95079  3238619  34.01
2020-2021       49      0.00343  0.00343  0.50   94927     325   94764  3143540  33.12
2020-2021       50      0.00377  0.00377  0.50   94602     356   94424  3048776  32.23
2020-2021       51      0.00403  0.00403  0.50   94245     379   94056  2954353  31.35
2020-2021       52      0.00437  0.00436  0.50   93866     409   93661  2860297  30.47
2020-2021       53      0.00470  0.00469  0.50   93457     439   93238  2766635  29.60
2020-2021       54      0.00504  0.00503  0.50   93018     468   92784  2673398  28.74
2020-2021       55      0.00552  0.00551  0.50   92550     510   92296  2580613  27.88
2020-2021       56      0.00602  0.00600  0.50   92041     553   91765  2488318  27.03
2020-2021       57      0.00656  0.00654  0.50   91488     598   91189  2396553  26.20
2020-2021       58      0.00695  0.00693  0.50   90890     630   90576  2305364  25.36
2020-2021       59      0.00769  0.00766  0.50   90261     692   89915  2214788  24.54
2020-2021       60      0.00832  0.00829  0.50   89569     742   89198  2124873  23.72
2020-2021       61      0.00900  0.00896  0.50   88827     796   88429  2035675  22.92
2020-2021       62      0.00962  0.00958  0.50   88031     843   87609  1947247  22.12
2020-2021       63      0.01038  0.01032  0.50   87188     900   86738  1859637  21.33
2020-2021       64      0.01111  0.01105  0.50   86288     954   85811  1772900  20.55
2020-2021       65      0.01184  0.01177  0.50   85334    1005   84832  1687089  19.77
2020-2021       66      0.01258  0.01250  0.50   84329    1054   83802  1602257  19.00
2020-2021       67      0.01350  0.01341  0.50   83275    1117   82717  1518455  18.23
2020-2021       68      0.01451  0.01440  0.50   82158    1183   81567  1435739  17.48
2020-2021       69      0.01564  0.01551  0.50   80975    1256   80347  1354172  16.72
2020-2021       70      0.01710  0.01695  0.50   79719    1351   79043  1273825  15.98
2020-2021       71      0.01885  0.01867  0.50   78368    1463   77636  1194781  15.25
2020-2021       72      0.02071  0.02050  0.50   76904    1576   76116  1117146  14.53
2020-2021       73      0.02253  0.02228  0.50   75328    1679   74489  1041030  13.82
2020-2021       74      0.02511  0.02480  0.50   73649    1826   72736   966541  13.12
2020-2021       75      0.02782  0.02743  0.50   71823    1970   70838   893805  12.44
2020-2021       76      0.03099  0.03052  0.50   69852    2132   68787   822967  11.78
2020-2021       77      0.03452  0.03394  0.50   67721    2298   66571   754181  11.14
2020-2021       78      0.03823  0.03751  0.50   65422    2454   64195   687609  10.51
2020-2021       79      0.04224  0.04136  0.50   62968    2605   61666   623414   9.90
2020-2021       80      0.04722  0.04613  0.50   60364    2785   58971   561748   9.31
2020-2021       81      0.05245  0.05111  0.50   57579    2943   56108   502777   8.73
2020-2021       82      0.05870  0.05703  0.50   54636    3116   53078   446669   8.18
2020-2021       83      0.06544  0.06337  0.50   51521    3265   49888   393591   7.64
2020-2021       84      0.07339  0.07080  0.50   48256    3416   46548   343703   7.12
2020-2021       85      0.08379  0.08042  0.50   44839    3606   43036   297155   6.63
2020-2021       86      0.09379  0.08959  0.50   41233    3694   39386   254119   6.16
2020-2021       87      0.10595  0.10062  0.50   37539    3777   35651   214732   5.72
2020-2021       88      0.12085  0.11397  0.50   33762    3848   31838   179081   5.30
2020-2021       89      0.13517  0.12662  0.50   29915    3788   28021   147243   4.92
2020-2021       90      0.15134  0.14069  0.50   26127    3676   24289   119222   4.56
2020-2021       91      0.16828  0.15522  0.50   22451    3485   20709    94933   4.23
2020-2021       92      0.18846  0.17223  0.50   18966    3266   17333    74225   3.91
2020-2021       93      0.21192  0.19161  0.50   15700    3008   14195    56892   3.62
2020-2021       94      0.23468  0.21003  0.50   12691    2666   11359    42696   3.36
2020-2021       95      0.25867  0.22904  0.50   10026    2296    8878    31338   3.13
2020-2021       96      0.28497  0.24943  0.50    7729    1928    6765    22460   2.91
2020-2021       97      0.31282  0.27051  0.50    5801    1569    5017    15695   2.71
2020-2021       98      0.34208  0.29212  0.50    4232    1236    3614    10678   2.52
2020-2021       99      0.37260  0.31409  0.50    2996     941    2525     7064   2.36
2020-2021      100      0.40417  0.33623  0.50    2055     691    1709     4539   2.21
2020-2021      101      0.43656  0.35834  0.50    1364     489    1120     2829   2.07
2020-2021      102      0.46949  0.38023  0.50     875     333     709     1710   1.95
2020-2021      103      0.50269  0.40172  0.50     542     218     433     1001   1.85
2020-2021      104      0.53587  0.42263  0.50     325     137     256      567   1.75
2020-2021      105      0.56873  0.44281  0.50     187      83     146      312   1.66
2020-2021      106      0.60100  0.46213  0.50     104      48      80      166   1.59
2020-2021      107      0.63242  0.48048  0.50      56      27      43       85   1.52
2020-2021      108      0.66275  0.49779  0.50      29      15      22       43   1.46
2020-2021      109      0.69179  0.51400  0.50      15       8      11       21   1.42
2020-2021      110+     0.71940  1.00000  1.39       7       7      10       10   1.39
