Finland, Life tables (cohort 5x5), Total	Last modified: 14 Jun 2023;  Methods Protocol: v6 (2017)

  Year          Age         mx       qx    ax      lx      dx      Lx       Tx     ex
1878-1879        0      0.17374  0.15504  0.31  100000   15504   89237  4229895  42.30
1878-1879      1-4      0.04083  0.14820  1.50   84496   12522  306683  4140658  49.00
1878-1879      5-9      0.00990  0.04803  1.94   71974    3457  349273  3833975  53.27
1878-1879     10-14     0.00477  0.02356  2.45   68517    1614  338471  3484702  50.86
1878-1879     15-19     0.00504  0.02488  2.63   66903    1665  330569  3146231  47.03
1878-1879     20-24     0.00726  0.03566  2.51   65238    2326  320405  2815662  43.16
1878-1879     25-29     0.00769  0.03772  2.48   62912    2373  308587  2495257  39.66
1878-1879     30-34     0.00773  0.03791  2.54   60539    2295  297048  2186671  36.12
1878-1879     35-39     0.01120  0.05474  2.94   58244    3188  284646  1889623  32.44
1878-1879     40-44     0.01068  0.05187  2.24   55055    2856  267403  1604977  29.15
1878-1879     45-49     0.01165  0.05665  2.57   52200    2957  253808  1337573  25.62
1878-1879     50-54     0.01530  0.07371  2.53   49243    3630  237264  1083765  22.01
1878-1879     55-59     0.02026  0.09666  2.63   45613    4409  217620   846501  18.56
1878-1879     60-64     0.02977  0.13872  2.55   41204    5716  192007   628882  15.26
1878-1879     65-69     0.04111  0.18703  2.59   35488    6637  161454   436875  12.31
1878-1879     70-74     0.06449  0.27842  2.55   28851    8033  124558   275420   9.55
1878-1879     75-79     0.09897  0.39686  2.51   20818    8262   83481   150862   7.25
1878-1879     80-84     0.15022  0.53950  2.39   12556    6774   45095    67381   5.37
1878-1879     85-89     0.23505  0.70741  2.19    5782    4090   17402    22286   3.85
1878-1879     90-94     0.33389  0.82455  1.93    1692    1395    4178     4884   2.89
1878-1879     95-99     0.42126  0.89295  1.77     297     265     629      706   2.38
1878-1879    100-104    0.38950  0.85366  1.71      32      27      70       77   2.43
1878-1879    105-109    0.55369  0.83333  0.81       5       4       7        8   1.62
1878-1879    110+       1.48431  1.00000  0.67       1       1       1        1   0.67
1880-1884        0      0.18921  0.16724  0.31  100000   16724   88390  4255228  42.55
1880-1884      1-4      0.03760  0.13698  1.40   83276   11407  303395  4166838  50.04
1880-1884      5-9      0.00859  0.04192  2.20   71869    3013  350924  3863444  53.76
1880-1884     10-14     0.00469  0.02313  2.27   68856    1593  339940  3512520  51.01
1880-1884     15-19     0.00557  0.02747  2.70   67263    1848  332065  3172580  47.17
1880-1884     20-24     0.00736  0.03612  2.52   65416    2363  321214  2840514  43.42
1880-1884     25-29     0.00753  0.03696  2.48   63053    2330  309390  2519300  39.96
1880-1884     30-34     0.00906  0.04438  2.76   60723    2695  297583  2209910  36.39
1880-1884     35-39     0.01146  0.05559  2.31   58028    3225  281459  1912327  32.96
1880-1884     40-44     0.00897  0.04387  2.57   54802    2404  268173  1630868  29.76
1880-1884     45-49     0.01114  0.05423  2.56   52398    2841  255057  1362694  26.01
1880-1884     50-54     0.01423  0.06878  2.59   49557    3408  239557  1107637  22.35
1880-1884     55-59     0.02045  0.09745  2.60   46148    4497  219962   868080  18.81
1880-1884     60-64     0.02796  0.13095  2.59   41651    5454  195087   648118  15.56
1880-1884     65-69     0.04074  0.18543  2.58   36197    6712  164774   453031  12.52
1880-1884     70-74     0.06053  0.26354  2.55   29485    7770  128367   288257   9.78
1880-1884     75-79     0.09557  0.38579  2.50   21714    8377   87655   159890   7.36
1880-1884     80-84     0.15235  0.54429  2.38   13337    7259   47649    72235   5.42
1880-1884     85-89     0.22755  0.69139  2.16    6078    4202   18467    24586   4.05
1880-1884     90-94     0.29170  0.77956  2.01    1876    1462    5013     6119   3.26
1880-1884     95-99     0.35782  0.83965  1.84     413     347     970     1106   2.68
1880-1884    100-104    0.47493  0.92273  1.69      66      61     129      136   2.05
1880-1884    105-109    0.70680  1.00000  1.41       5       5       7        7   1.41
1880-1884    110+             .        .     .       0       0       0        0      .
1885-1889        0      0.16566  0.14857  0.31  100000   14857   89686  4404493  44.04
1885-1889      1-4      0.03386  0.12503  1.54   85143   10646  314361  4314808  50.68
1885-1889      5-9      0.00915  0.04451  1.94   74497    3316  362339  4000446  53.70
1885-1889     10-14     0.00496  0.02451  2.48   71181    1745  351509  3638107  51.11
1885-1889     15-19     0.00611  0.03009  2.59   69436    2089  342158  3286598  47.33
1885-1889     20-24     0.00731  0.03588  2.48   67347    2416  330650  2944440  43.72
1885-1889     25-29     0.00921  0.04510  2.76   64931    2928  318099  2613789  40.25
1885-1889     30-34     0.01142  0.05534  2.23   62003    3431  300512  2295690  37.03
1885-1889     35-39     0.00767  0.03763  2.53   58571    2204  287423  1995178  34.06
1885-1889     40-44     0.00915  0.04471  2.52   56367    2520  275582  1707755  30.30
1885-1889     45-49     0.01024  0.04994  2.56   53847    2689  262673  1432173  26.60
1885-1889     50-54     0.01419  0.06862  2.61   51158    3511  247388  1169500  22.86
1885-1889     55-59     0.01866  0.08926  2.58   47648    4253  227950   922112  19.35
1885-1889     60-64     0.02611  0.12284  2.59   43395    5331  204146   694161  16.00
1885-1889     65-69     0.03755  0.17214  2.59   38064    6552  174517   490016  12.87
1885-1889     70-74     0.05825  0.25516  2.57   31512    8041  138032   315499  10.01
1885-1889     75-79     0.09549  0.38541  2.50   23471    9046   94735   177467   7.56
1885-1889     80-84     0.14494  0.52309  2.34   14425    7546   52060    82731   5.74
1885-1889     85-89     0.20082  0.64341  2.21    6879    4426   22041    30672   4.46
1885-1889     90-94     0.26366  0.74790  2.11    2453    1835    6959     8631   3.52
1885-1889     95-99     0.35478  0.85527  1.97     618     529    1491     1673   2.70
1885-1889    100-104    0.48724  0.93528  1.71      90      84     172      182   2.03
1885-1889    105-109    0.59920  0.95000  1.41       6       6       9       10   1.72
1885-1889    110+       0.37460  1.00000  2.67       0       0       1        1   2.67
1890-1894        0      0.15139  0.13699  0.31  100000   13699   90489  4564110  45.64
1890-1894      1-4      0.02996  0.11100  1.34   86301    9579  319719  4473621  51.84
1890-1894      5-9      0.00879  0.04291  2.27   76721    3292  374608  4153902  54.14
1890-1894     10-14     0.00511  0.02523  2.41   73429    1853  362354  3779293  51.47
1890-1894     15-19     0.00598  0.02950  2.64   71576    2111  352901  3416939  47.74
1890-1894     20-24     0.00948  0.04643  2.85   69465    3225  340396  3064038  44.11
1890-1894     25-29     0.01197  0.05792  2.23   66240    3837  320556  2723642  41.12
1890-1894     30-34     0.00709  0.03485  2.48   62403    2175  306538  2403086  38.51
1890-1894     35-39     0.00779  0.03823  2.51   60228    2302  295399  2096548  34.81
1890-1894     40-44     0.00833  0.04082  2.52   57926    2365  283757  1801149  31.09
1890-1894     45-49     0.01017  0.04962  2.58   55561    2757  271141  1517392  27.31
1890-1894     50-54     0.01308  0.06342  2.59   52804    3349  255966  1246251  23.60
1890-1894     55-59     0.01693  0.08134  2.58   49455    4023  237561   990285  20.02
1890-1894     60-64     0.02343  0.11093  2.60   45433    5040  215084   752724  16.57
1890-1894     65-69     0.03573  0.16467  2.62   40393    6651  186154   537641  13.31
1890-1894     70-74     0.05820  0.25512  2.58   33741    8608  147907   351486  10.42
1890-1894     75-79     0.08993  0.36691  2.49   25133    9222  102537   203579   8.10
1890-1894     80-84     0.12621  0.47449  2.39   15912    7550   59819   101042   6.35
1890-1894     85-89     0.17073  0.58497  2.31    8362    4891   28649    41223   4.93
1890-1894     90-94     0.25080  0.73330  2.17    3470    2545   10147    12573   3.62
1890-1894     95-99     0.36604  0.85259  1.87     926     789    2156     2427   2.62
1890-1894    100-104    0.49371  0.93644  1.69     136     128     259      271   1.99
1890-1894    105-109    0.69976  0.96667  1.26       9       8      12       12   1.43
1890-1894    110+       0.74925  1.00000  1.33       0       0       0        0   1.33
1895-1899        0      0.14754  0.13383  0.31  100000   13383   90709  4607869  46.08
1895-1899      1-4      0.03077  0.11427  1.49   86617    9897  321634  4517160  52.15
1895-1899      5-9      0.00853  0.04162  2.10   76719    3193  374337  4195526  54.69
1895-1899     10-14     0.00456  0.02255  2.40   73526    1658  363319  3821189  51.97
1895-1899     15-19     0.00771  0.03798  3.00   71868    2730  353868  3457870  48.11
1895-1899     20-24     0.01283  0.06192  2.18   69138    4281  333626  3104002  44.90
1895-1899     25-29     0.00725  0.03561  2.50   64857    2310  318505  2770377  42.72
1895-1899     30-34     0.00727  0.03566  2.42   62547    2230  306982  2451871  39.20
1895-1899     35-39     0.00686  0.03372  2.51   60317    2034  296522  2144890  35.56
1895-1899     40-44     0.00929  0.04544  2.56   58283    2648  284960  1848367  31.71
1895-1899     45-49     0.00971  0.04743  2.54   55635    2639  271674  1563408  28.10
1895-1899     50-54     0.01155  0.05618  2.59   52996    2977  257790  1291734  24.37
1895-1899     55-59     0.01532  0.07388  2.59   50019    3696  241200  1033943  20.67
1895-1899     60-64     0.02280  0.10815  2.63   46323    5010  219742   792743  17.11
1895-1899     65-69     0.03567  0.16436  2.62   41313    6790  190379   573001  13.87
1895-1899     70-74     0.05446  0.24013  2.54   34523    8290  152236   382622  11.08
1895-1899     75-79     0.07725  0.32362  2.49   26233    8490  109895   230386   8.78
1895-1899     80-84     0.10955  0.42743  2.43   17743    7584   69228   120491   6.79
1895-1899     85-89     0.16319  0.56945  2.35   10159    5785   35450    51262   5.05
1895-1899     90-94     0.25054  0.73356  2.18    4374    3209   12807    15812   3.61
1895-1899     95-99     0.37146  0.86247  1.89    1165    1005    2706     3005   2.58
1895-1899    100-104    0.53498  0.94081  1.55     160     151     282      299   1.86
1895-1899    105-109    0.54046  0.92105  1.42       9       9      16       17   1.77
1895-1899    110+       1.12140  1.00000  0.89       1       1       1        1   0.89
1900-1904        0      0.14800  0.13421  0.31  100000   13421   90683  4848667  48.49
1900-1904      1-4      0.02597  0.09731  1.40   86579    8425  324435  4757984  54.96
1900-1904      5-9      0.00711  0.03484  2.07   78155    2723  382783  4433549  56.73
1900-1904     10-14     0.00448  0.02215  2.58   75431    1671  373110  4050766  53.70
1900-1904     15-19     0.00761  0.03737  2.54   73761    2756  362023  3677656  49.86
1900-1904     20-24     0.00776  0.03804  2.47   71004    2701  348179  3315633  46.70
1900-1904     25-29     0.00725  0.03559  2.41   68303    2431  335230  2967454  43.45
1900-1904     30-34     0.00622  0.03060  2.47   65872    2016  324269  2632224  39.96
1900-1904     35-39     0.01020  0.04976  2.60   63856    3178  311667  2307955  36.14
1900-1904     40-44     0.00810  0.03967  2.35   60679    2407  297023  1996288  32.90
1900-1904     45-49     0.00761  0.03735  2.54   58271    2177  286010  1699265  29.16
1900-1904     50-54     0.00975  0.04765  2.63   56095    2673  274149  1413255  25.19
1900-1904     55-59     0.01442  0.06975  2.65   53421    3726  258368  1139106  21.32
1900-1904     60-64     0.02250  0.10680  2.63   49695    5307  235892   880739  17.72
1900-1904     65-69     0.03356  0.15515  2.57   44388    6887  205212   644846  14.53
1900-1904     70-74     0.04780  0.21387  2.54   37501    8020  167774   439634  11.72
1900-1904     75-79     0.06809  0.29084  2.49   29481    8574  125922   271860   9.22
1900-1904     80-84     0.10329  0.40935  2.47   20907    8558   82860   145938   6.98
1900-1904     85-89     0.16095  0.56516  2.37   12348    6979   43360    63078   5.11
1900-1904     90-94     0.24525  0.72620  2.19    5370    3899   15900    19718   3.67
1900-1904     95-99     0.36860  0.86048  1.90    1470    1265    3432     3818   2.60
1900-1904    100-104    0.52129  0.93234  1.56     205     191     367      386   1.88
1900-1904    105-109    0.72361  0.98305  1.30      14      14      19       19   1.39
1900-1904    110+       0.59935  1.00000  1.67       0       0       0        0   1.67
1905-1909        0      0.13088  0.11998  0.31  100000   11998   91671  5121853  51.22
1905-1909      1-4      0.02233  0.08438  1.39   88002    7426  332591  5030182  57.16
1905-1909      5-9      0.00608  0.02990  2.26   80576    2410  396284  4697591  58.30
1905-1909     10-14     0.00455  0.02246  2.31   78167    1756  386116  4301307  55.03
1905-1909     15-19     0.00548  0.02707  2.74   76411    2068  377384  3915191  51.24
1905-1909     20-24     0.00757  0.03713  2.37   74343    2760  364454  3537807  47.59
1905-1909     25-29     0.00591  0.02909  2.42   71583    2083  352549  3173353  44.33
1905-1909     30-34     0.01130  0.05503  2.64   69500    3825  338489  2820804  40.59
1905-1909     35-39     0.00765  0.03746  2.19   65675    2460  321464  2482315  37.80
1905-1909     40-44     0.00523  0.02579  2.44   63215    1630  311904  2160851  34.18
1905-1909     45-49     0.00622  0.03065  2.63   61584    1887  303458  1848946  30.02
1905-1909     50-54     0.00914  0.04474  2.67   59697    2671  292252  1545488  25.89
1905-1909     55-59     0.01438  0.06957  2.65   57026    3967  275824  1253236  21.98
1905-1909     60-64     0.02138  0.10172  2.62   53059    5397  252460   977412  18.42
1905-1909     65-69     0.03002  0.13992  2.58   47661    6669  222161   724952  15.21
1905-1909     70-74     0.04213  0.19110  2.57   40993    7834  185932   502791  12.27
1905-1909     75-79     0.06283  0.27221  2.55   33159    9026  143656   316860   9.56
1905-1909     80-84     0.09853  0.39503  2.49   24133    9533   96751   173204   7.18
1905-1909     85-89     0.15476  0.54947  2.36   14600    8022   51836    76453   5.24
1905-1909     90-94     0.24192  0.71959  2.19    6578    4733   19565    24617   3.74
1905-1909     95-99     0.34690  0.84132  1.94    1844    1552    4473     5052   2.74
1905-1909    100-104    0.49518  0.93468  1.67     293     274     552      579   1.98
1905-1909    105-109    0.71035  0.96552  1.23      19      18      26       26   1.38
1905-1909    110+       1.78906  1.00000  0.56       1       1       0        0   0.56
1910-1914        0      0.11967  0.11049  0.31  100000   11049   92329  5273762  52.74
1910-1914      1-4      0.02018  0.07684  1.50   88951    6835  338707  5181433  58.25
1910-1914      5-9      0.00703  0.03443  1.97   82116    2828  402024  4842726  58.97
1910-1914     10-14     0.00352  0.01743  2.56   79288    1382  393066  4440702  56.01
1910-1914     15-19     0.00534  0.02638  2.65   77907    2055  384704  4047636  51.96
1910-1914     20-24     0.00595  0.02931  2.39   75851    2223  373461  3662932  48.29
1910-1914     25-29     0.01361  0.06598  2.71   73628    4858  356994  3289471  44.68
1910-1914     30-34     0.00856  0.04177  2.07   68770    2872  335425  2932477  42.64
1910-1914     35-39     0.00422  0.02085  2.35   65898    1374  325847  2597052  39.41
1910-1914     40-44     0.00411  0.02034  2.64   64524    1313  319524  2271205  35.20
1910-1914     45-49     0.00585  0.02885  2.68   63212    1824  311830  1951682  30.88
1910-1914     50-54     0.00925  0.04525  2.63   61388    2778  300357  1639852  26.71
1910-1914     55-59     0.01359  0.06582  2.62   58610    3858  283853  1339495  22.85
1910-1914     60-64     0.01896  0.09065  2.59   54752    4963  261805  1055642  19.28
1910-1914     65-69     0.02615  0.12298  2.59   49789    6123  234175   793837  15.94
1910-1914     70-74     0.03852  0.17628  2.60   43666    7698  199852   559663  12.82
1910-1914     75-79     0.05876  0.25700  2.56   35969    9244  157331   359810  10.00
1910-1914     80-84     0.09051  0.36912  2.50   26725    9865  108985   202479   7.58
1910-1914     85-89     0.14316  0.52239  2.41   16860    8807   61521    93494   5.55
1910-1914     90-94     0.22239  0.68546  2.20    8052    5520   24820    31973   3.97
1910-1914     95-99     0.33245  0.83221  2.00    2533    2108    6340     7153   2.82
1910-1914    100-104    0.51727  0.94047  1.62     425     400     773      813   1.91
1910-1914    105-109    0.60762  0.95665  1.42      25      24      40       40   1.59
1910-1914    110+       2.45351  1.00000  0.41       1       1       0        0   0.41
1915-1919        0      0.12457  0.11466  0.31  100000   11466   92040  5366530  53.67
1915-1919      1-4      0.02268  0.08554  1.33   88534    7573  333881  5274490  59.58
1915-1919      5-9      0.00370  0.01833  2.20   80961    1484  400652  4940608  61.02
1915-1919     10-14     0.00291  0.01447  2.56   79477    1150  394584  4539957  57.12
1915-1919     15-19     0.00403  0.01998  2.65   78327    1565  387964  4145373  52.92
1915-1919     20-24     0.01469  0.07135  3.00   76763    5477  372881  3757409  48.95
1915-1919     25-29     0.01015  0.04924  1.99   71286    3510  345849  3384528  47.48
1915-1919     30-34     0.00378  0.01870  2.29   67776    1267  335448  3038679  44.83
1915-1919     35-39     0.00293  0.01456  2.57   66508     969  330185  2703231  40.65
1915-1919     40-44     0.00376  0.01863  2.67   65540    1221  324853  2373045  36.21
1915-1919     45-49     0.00585  0.02886  2.67   64319    1856  317268  2048192  31.84
1915-1919     50-54     0.00875  0.04285  2.64   62463    2676  305989  1730924  27.71
1915-1919     55-59     0.01221  0.05934  2.62   59786    3548  290481  1424935  23.83
1915-1919     60-64     0.01685  0.08099  2.61   56238    4555  270286  1134454  20.17
1915-1919     65-69     0.02375  0.11236  2.61   51683    5807  244537   864168  16.72
1915-1919     70-74     0.03531  0.16265  2.58   45877    7462  211339   619631  13.51
1915-1919     75-79     0.05292  0.23430  2.56   38415    9001  170096   408292  10.63
1915-1919     80-84     0.08163  0.33964  2.53   29414    9990  122384   238197   8.10
1915-1919     85-89     0.12596  0.47558  2.43   19424    9238   73335   115813   5.96
1915-1919     90-94     0.20641  0.66170  2.29   10186    6740   32654    42478   4.17
1915-1919     95-99     0.33223  0.83308  2.01    3446    2871    8641     9824   2.85
1915-1919    100-104    0.47811  0.92935  1.71     575     535    1118     1183   2.06
1915-1919    105-109    0.60947  0.95916  1.43      41      39      64       65   1.59
1915-1919    110+       2.23453  1.00000  0.45       2       2       1        1   0.45
1920-1924        0      0.10527  0.09810  0.31  100000    9810   93189  5870469  58.70
1920-1924      1-4      0.01276  0.04934  1.29   90190    4450  348696  5777280  64.06
1920-1924      5-9      0.00322  0.01598  2.29   85740    1370  424991  5428584  63.31
1920-1924     10-14     0.00245  0.01217  2.48   84370    1027  419260  5003593  59.31
1920-1924     15-19     0.00591  0.02925  3.28   83343    2438  412518  4584333  55.01
1920-1924     20-24     0.01451  0.06942  1.89   80905    5617  387046  4171815  51.56
1920-1924     25-29     0.00367  0.01814  2.21   75289    1366  372638  3784770  50.27
1920-1924     30-34     0.00222  0.01106  2.50   73923     817  367572  3412132  46.16
1920-1924     35-39     0.00264  0.01311  2.63   73106     958  363254  3044559  41.65
1920-1924     40-44     0.00383  0.01897  2.70   72147    1368  357586  2681305  37.16
1920-1924     45-49     0.00585  0.02883  2.62   70779    2041  349046  2323719  32.83
1920-1924     50-54     0.00806  0.03957  2.63   68738    2720  337245  1974673  28.73
1920-1924     55-59     0.01088  0.05304  2.61   66018    3502  321722  1637428  24.80
1920-1924     60-64     0.01532  0.07391  2.64   62517    4620  301673  1315706  21.05
1920-1924     65-69     0.02200  0.10448  2.60   57896    6049  274944  1014033  17.51
1920-1924     70-74     0.03166  0.14702  2.58   51847    7623  240755   739089  14.26
1920-1924     75-79     0.04708  0.21121  2.57   44224    9340  198416   498334  11.27
1920-1924     80-84     0.07052  0.30050  2.54   34884   10483  148640   299918   8.60
1920-1924     85-89     0.11614  0.44976  2.49   24401   10975   94498   151278   6.20
1920-1924     90-94     0.20157  0.65368  2.31   13426    8777   43541    56780   4.23
1920-1924     95-99     0.33040  0.82877  1.99    4650    3854   11664    13239   2.85
1920-1924    100-104    0.49883  0.93397  1.65     796     744    1491     1576   1.98
1920-1924    105-109    0.59754  0.95556  1.44      53      50      84       85   1.62
1920-1924    110+       2.23453  1.00000  0.45       2       2       1        1   0.45
1925-1929        0      0.09506  0.08917  0.31  100000    8917   93808  6375659  63.76
1925-1929      1-4      0.01039  0.04041  1.31   91083    3681  354413  6281851  68.97
1925-1929      5-9      0.00309  0.01534  2.29   87402    1341  433370  5927437  67.82
1925-1929     10-14     0.00229  0.01136  2.57   86061     978  427931  5494068  63.84
1925-1929     15-19     0.00478  0.02365  2.88   85083    2012  421145  5066137  59.54
1925-1929     20-24     0.00358  0.01774  2.16   83071    1473  411169  4644992  55.92
1925-1929     25-29     0.00183  0.00913  2.49   81597     745  406116  4233822  51.89
1925-1929     30-34     0.00191  0.00950  2.54   80853     768  402373  3827707  47.34
1925-1929     35-39     0.00246  0.01223  2.62   80085     980  398088  3425334  42.77
1925-1929     40-44     0.00376  0.01864  2.68   79105    1474  392112  3027245  38.27
1925-1929     45-49     0.00543  0.02681  2.60   77631    2081  383161  2635133  33.94
1925-1929     50-54     0.00718  0.03529  2.61   75550    2666  371365  2251972  29.81
1925-1929     55-59     0.00993  0.04850  2.62   72884    3535  356020  1880608  25.80
1925-1929     60-64     0.01424  0.06888  2.61   69349    4777  335318  1524588  21.98
1925-1929     65-69     0.01941  0.09274  2.60   64572    5989  308489  1189270  18.42
1925-1929     70-74     0.02763  0.12955  2.59   58583    7589  274639   880781  15.03
1925-1929     75-79     0.03963  0.18083  2.59   50994    9221  232709   606142  11.89
1925-1929     80-84     0.06322  0.27427  2.59   41773   11457  181210   373433   8.94
1925-1929     85-89     0.11154  0.43639  2.51   30316   13229  118607   192223   6.34
1925-1929     90-94     0.19527  0.64228  2.34   17086   10974   56200    73615   4.31
1925-1929     95-99     0.33097  0.82951  1.99    6112    5070   15319    17415   2.85
1925-1929    100-104    0.49012  0.93202  1.68    1042     971    1982     2096   2.01
1925-1929    105-109    0.59754  0.95556  1.44      71      68     113      115   1.62
1925-1929    110+       2.23453  1.00000  0.45       3       3       1        1   0.45
1930-1931        0      0.07818  0.07415  0.31  100000    7415   94852  6715341  67.15
1930-1931      1-4      0.00891  0.03484  1.47   92585    3226  362175  6620490  71.51
1930-1931      5-9      0.00277  0.01374  2.30   89359    1228  443480  6258315  70.04
1930-1931     10-14     0.00225  0.01118  2.61   88131     985  438303  5814835  65.98
1930-1931     15-19     0.00258  0.01284  2.70   87146    1119  433154  5376532  61.70
1930-1931     20-24     0.00166  0.00824  2.37   86027     709  428271  4943378  57.46
1930-1931     25-29     0.00151  0.00753  2.45   85318     643  424954  4515107  52.92
1930-1931     30-34     0.00176  0.00878  2.53   84675     743  421540  4090153  48.30
1930-1931     35-39     0.00258  0.01282  2.67   83932    1076  417157  3668613  43.71
1930-1931     40-44     0.00358  0.01776  2.63   82856    1471  410799  3251456  39.24
1930-1931     45-49     0.00470  0.02321  2.57   81385    1889  402331  2840657  34.90
1930-1931     50-54     0.00648  0.03189  2.60   79496    2535  391408  2438326  30.67
1930-1931     55-59     0.00948  0.04635  2.62   76961    3567  376324  2046918  26.60
1930-1931     60-64     0.01256  0.06095  2.57   73394    4473  356085  1670594  22.76
1930-1931     65-69     0.01766  0.08466  2.56   68921    5835  330373  1314509  19.07
1930-1931     70-74     0.02399  0.11339  2.58   63086    7153  298126   984136  15.60
1930-1931     75-79     0.03598  0.16579  2.63   55933    9273  257715   686010  12.26
1930-1931     80-84     0.05901  0.25868  2.62   46660   12070  204550   428295   9.18
1930-1931     85-89     0.10490  0.41551  2.50   34590   14373  137014   223745   6.47
1930-1931     90-94     0.19688  0.64516  2.33   20217   13043   66250    86732   4.29
1930-1931     95-99     0.33014  0.82900  2.00    7174    5947   18014    20482   2.86
1930-1931    100-104    0.49012  0.93202  1.68    1227    1143    2333     2468   2.01
1930-1931    105-109    0.59754  0.95556  1.44      83      80     133      135   1.62
1930-1931    110+       2.23453  1.00000  0.45       4       4       2        2   0.45
