Finland, Life tables (cohort 1x10), Females	Last modified: 14 Jun 2023;  Methods Protocol: v6 (2017)

  Year          Age         mx       qx    ax      lx      dx      Lx       Tx     ex
1878-1879        0      0.15801  0.14256  0.31  100000   14256   90222  4480687  44.81
1878-1879        1      0.06309  0.06114  0.49   85744    5242   83091  4390465  51.20
1878-1879        2      0.04156  0.04072  0.50   80502    3278   78877  4307374  53.51
1878-1879        3      0.02895  0.02854  0.50   77224    2204   76113  4228497  54.76
1878-1879        4      0.02110  0.02088  0.50   75020    1567   74232  4152384  55.35
1878-1879        5      0.01512  0.01501  0.50   73453    1102   72907  4078152  55.52
1878-1879        6      0.01177  0.01170  0.51   72351     847   71937  4005245  55.36
1878-1879        7      0.01023  0.01018  0.49   71505     728   71133  3933308  55.01
1878-1879        8      0.00653  0.00651  0.47   70777     460   70534  3862174  54.57
1878-1879        9      0.00493  0.00491  0.50   70316     346   70143  3791640  53.92
1878-1879       10      0.00501  0.00500  0.52   69971     350   69803  3721497  53.19
1878-1879       11      0.00497  0.00495  0.52   69621     345   69454  3651694  52.45
1878-1879       12      0.00457  0.00456  0.52   69276     316   69123  3582240  51.71
1878-1879       13      0.00500  0.00498  0.51   68960     344   68790  3513116  50.94
1878-1879       14      0.00518  0.00517  0.51   68616     354   68441  3444326  50.20
1878-1879       15      0.00495  0.00494  0.51   68262     337   68095  3375885  49.46
1878-1879       16      0.00513  0.00512  0.51   67924     348   67755  3307790  48.70
1878-1879       17      0.00597  0.00595  0.51   67577     402   67381  3240035  47.95
1878-1879       18      0.00554  0.00552  0.50   67175     371   66991  3172654  47.23
1878-1879       19      0.00551  0.00549  0.52   66804     367   66627  3105663  46.49
1878-1879       20      0.00632  0.00630  0.52   66437     418   66234  3039036  45.74
1878-1879       21      0.00638  0.00636  0.52   66018     420   65819  2972802  45.03
1878-1879       22      0.00719  0.00716  0.50   65598     470   65362  2906983  44.31
1878-1879       23      0.00660  0.00658  0.50   65129     428   64914  2841621  43.63
1878-1879       24      0.00667  0.00665  0.52   64700     430   64492  2776707  42.92
1878-1879       25      0.00787  0.00784  0.51   64270     504   64021  2712214  42.20
1878-1879       26      0.00718  0.00716  0.51   63766     456   63543  2648194  41.53
1878-1879       27      0.00730  0.00728  0.51   63310     461   63083  2584651  40.83
1878-1879       28      0.00808  0.00805  0.51   62849     506   62601  2521568  40.12
1878-1879       29      0.00782  0.00779  0.51   62343     485   62103  2458967  39.44
1878-1879       30      0.00723  0.00721  0.50   61858     446   61633  2396864  38.75
1878-1879       31      0.00684  0.00682  0.51   61412     419   61206  2335231  38.03
1878-1879       32      0.00789  0.00786  0.51   60993     479   60759  2274025  37.28
1878-1879       33      0.00777  0.00774  0.51   60514     469   60285  2213266  36.57
1878-1879       34      0.00775  0.00772  0.51   60045     464   59817  2152981  35.86
1878-1879       35      0.00719  0.00716  0.50   59581     427   59370  2093164  35.13
1878-1879       36      0.00782  0.00779  0.50   59155     461   58926  2033794  34.38
1878-1879       37      0.00928  0.00924  0.52   58694     542   58431  1974867  33.65
1878-1879       38      0.00926  0.00922  0.52   58152     536   57892  1916436  32.96
1878-1879       39      0.01118  0.01112  0.50   57615     641   57295  1858545  32.26
1878-1879       40      0.01066  0.01060  0.49   56975     604   56668  1801249  31.61
1878-1879       41      0.00778  0.00775  0.51   56371     437   56156  1744582  30.95
1878-1879       42      0.00842  0.00839  0.52   55934     469   55710  1688426  30.19
1878-1879       43      0.00779  0.00776  0.51   55465     430   55254  1632716  29.44
1878-1879       44      0.00804  0.00800  0.50   55034     440   54813  1577462  28.66
1878-1879       45      0.00835  0.00832  0.51   54594     454   54373  1522649  27.89
1878-1879       46      0.00902  0.00898  0.50   54140     486   53896  1468276  27.12
1878-1879       47      0.00920  0.00916  0.53   53653     492   53421  1414379  26.36
1878-1879       48      0.00838  0.00834  0.52   53162     444   52951  1360958  25.60
1878-1879       49      0.00954  0.00949  0.53   52718     501   52484  1308007  24.81
1878-1879       50      0.01084  0.01078  0.50   52218     563   51938  1255524  24.04
1878-1879       51      0.01119  0.01113  0.51   51655     575   51375  1203586  23.30
1878-1879       52      0.01196  0.01189  0.52   51080     607   50788  1152211  22.56
1878-1879       53      0.01147  0.01140  0.52   50472     576   50197  1101423  21.82
1878-1879       54      0.01084  0.01079  0.52   49897     538   49637  1051226  21.07
1878-1879       55      0.01224  0.01216  0.50   49359     600   49061  1001589  20.29
1878-1879       56      0.01272  0.01264  0.50   48758     616   48452   952528  19.54
1878-1879       57      0.01405  0.01395  0.51   48142     672   47811   904076  18.78
1878-1879       58      0.01545  0.01533  0.51   47471     728   47116   856264  18.04
1878-1879       59      0.01735  0.01720  0.50   46743     804   46345   809148  17.31
1878-1879       60      0.01897  0.01880  0.51   45939     863   45517   762804  16.60
1878-1879       61      0.02004  0.01984  0.51   45075     894   44634   717286  15.91
1878-1879       62      0.02191  0.02167  0.51   44181     958   43714   672653  15.22
1878-1879       63      0.02147  0.02124  0.50   43223     918   42761   628939  14.55
1878-1879       64      0.02526  0.02494  0.50   42305    1055   41777   586178  13.86
1878-1879       65      0.02550  0.02518  0.51   41250    1039   40740   544401  13.20
1878-1879       66      0.02984  0.02940  0.50   40211    1182   39615   503661  12.53
1878-1879       67      0.03064  0.03019  0.51   39029    1178   38456   464046  11.89
1878-1879       68      0.03701  0.03634  0.51   37851    1376   37171   425590  11.24
1878-1879       69      0.04157  0.04074  0.51   36475    1486   35754   388418  10.65
1878-1879       70      0.04774  0.04667  0.52   34989    1633   34203   352664  10.08
1878-1879       71      0.05284  0.05148  0.50   33356    1717   32500   318462   9.55
1878-1879       72      0.05234  0.05102  0.51   31639    1614   30840   285962   9.04
1878-1879       73      0.06192  0.06010  0.51   30025    1805   29144   255122   8.50
1878-1879       74      0.07038  0.06807  0.52   28220    1921   27294   225978   8.01
1878-1879       75      0.07303  0.07051  0.51   26299    1854   25394   198684   7.55
1878-1879       76      0.08134  0.07822  0.51   24445    1912   23506   173289   7.09
1878-1879       77      0.09226  0.08817  0.50   22533    1987   21533   149784   6.65
1878-1879       78      0.09855  0.09397  0.51   20546    1931   19591   128250   6.24
1878-1879       79      0.12057  0.11372  0.50   18615    2117   17558   108659   5.84
1878-1879       80      0.12293  0.11586  0.50   16498    1912   15550    91101   5.52
1878-1879       81      0.12896  0.12127  0.51   14587    1769   13716    75550   5.18
1878-1879       82      0.15339  0.14279  0.52   12818    1830   11932    61834   4.82
1878-1879       83      0.16659  0.15401  0.51   10988    1692   10158    49902   4.54
1878-1879       84      0.17080  0.15745  0.50    9295    1464    8569    39745   4.28
1878-1879       85      0.19923  0.18139  0.51    7832    1421    7131    31175   3.98
1878-1879       86      0.21761  0.19646  0.51    6411    1260    5788    24045   3.75
1878-1879       87      0.23486  0.21024  0.50    5152    1083    4612    18257   3.54
1878-1879       88      0.24462  0.21795  0.50    4069     887    3625    13645   3.35
1878-1879       89      0.27337  0.24108  0.51    3182     767    2806    10020   3.15
1878-1879       90      0.31733  0.27446  0.51    2415     663    2089     7214   2.99
1878-1879       91      0.30174  0.26182  0.49    1752     459    1520     5125   2.93
1878-1879       92      0.33887  0.29063  0.51    1293     376    1109     3605   2.79
1878-1879       93      0.32582  0.28094  0.51     917     258     791     2496   2.72
1878-1879       94      0.37286  0.31395  0.50     660     207     555     1705   2.58
1878-1879       95      0.32313  0.27797  0.50     453     126     389     1149   2.54
1878-1879       96      0.46307  0.37559  0.50     327     123     265      760   2.33
1878-1879       97      0.31250  0.27068  0.51     204      55     177      495   2.43
1878-1879       98      0.63564  0.48454  0.51     149      72     113      318   2.14
1878-1879       99      0.35649  0.30000  0.47      77      23      65      205   2.67
1878-1879      100      0.29621  0.25714  0.49      54      14      47      140   2.61
1878-1879      101      0.41442  0.34615  0.52      40      14      33       94   2.35
1878-1879      102      0.44938  0.35294  0.39      26       9      20       60   2.32
1878-1879      103      0.30969  0.27273  0.56      17       5      15       40   2.37
1878-1879      104      0.29956  0.25000  0.34      12       3      10       25   2.05
1878-1879      105      0.91769  0.66667  0.59       9       6       7       15   1.62
1878-1879      106      0.59825  0.50000  0.67       3       2       3        8   2.67
1878-1879      107      0.00000  0.00000  0.50       2       0       2        6   3.67
1878-1879      108      0.00000  0.00000  0.50       2       0       2        4   2.67
1878-1879      109      0.00000  0.00000  0.50       2       0       2        3   1.67
1878-1879      110+     1.48431  1.00000  0.67       2       2       1        1   0.67
1880-1889        0      0.15984  0.14404  0.31  100000   14404   90120  4611269  46.11
1880-1889        1      0.05785  0.05615  0.48   85596    4806   83079  4521149  52.82
1880-1889        2      0.03462  0.03403  0.50   80789    2749   79420  4438070  54.93
1880-1889        3      0.02507  0.02477  0.50   78040    1933   77076  4358650  55.85
1880-1889        4      0.01838  0.01821  0.50   76107    1386   75414  4281575  56.26
1880-1889        5      0.01318  0.01310  0.50   74721     979   74233  4206161  56.29
1880-1889        6      0.00994  0.00989  0.50   73743     729   73379  4131928  56.03
1880-1889        7      0.00780  0.00777  0.50   73014     567   72731  4058549  55.59
1880-1889        8      0.00664  0.00661  0.51   72446     479   72210  3985818  55.02
1880-1889        9      0.00606  0.00604  0.51   71967     435   71753  3913608  54.38
1880-1889       10      0.00566  0.00565  0.51   71533     404   71336  3841855  53.71
1880-1889       11      0.00525  0.00523  0.51   71129     372   70947  3770519  53.01
1880-1889       12      0.00483  0.00482  0.51   70756     341   70589  3699571  52.29
1880-1889       13      0.00487  0.00485  0.51   70415     342   70248  3628982  51.54
1880-1889       14      0.00508  0.00507  0.51   70074     355   69899  3558734  50.79
1880-1889       15      0.00556  0.00555  0.51   69718     387   69529  3488835  50.04
1880-1889       16      0.00647  0.00645  0.51   69332     447   69112  3419306  49.32
1880-1889       17      0.00625  0.00623  0.51   68884     429   68674  3350194  48.64
1880-1889       18      0.00617  0.00615  0.51   68455     421   68250  3281520  47.94
1880-1889       19      0.00615  0.00613  0.51   68034     417   67829  3213270  47.23
1880-1889       20      0.00655  0.00653  0.51   67617     442   67399  3145441  46.52
1880-1889       21      0.00653  0.00650  0.51   67175     437   66959  3078042  45.82
1880-1889       22      0.00706  0.00704  0.51   66738     470   66507  3011083  45.12
1880-1889       23      0.00673  0.00671  0.51   66269     445   66050  2944576  44.43
1880-1889       24      0.00663  0.00661  0.51   65824     435   65609  2878526  43.73
1880-1889       25      0.00720  0.00717  0.51   65389     469   65157  2812917  43.02
1880-1889       26      0.00750  0.00747  0.50   64920     485   64679  2747760  42.33
1880-1889       27      0.00754  0.00751  0.51   64435     484   64195  2683081  41.64
1880-1889       28      0.00791  0.00788  0.51   63951     504   63704  2618885  40.95
1880-1889       29      0.00805  0.00801  0.50   63447     508   63193  2555181  40.27
1880-1889       30      0.00832  0.00829  0.51   62938     522   62681  2491988  39.59
1880-1889       31      0.00848  0.00845  0.51   62417     527   62158  2429306  38.92
1880-1889       32      0.00850  0.00847  0.51   61889     524   61631  2367148  38.25
1880-1889       33      0.00807  0.00804  0.51   61365     493   61125  2305518  37.57
1880-1889       34      0.00807  0.00804  0.51   60872     489   60632  2244392  36.87
1880-1889       35      0.00779  0.00776  0.50   60383     469   60150  2183761  36.17
1880-1889       36      0.00803  0.00800  0.51   59914     479   59677  2123611  35.44
1880-1889       37      0.00787  0.00784  0.51   59435     466   59206  2063934  34.73
1880-1889       38      0.00781  0.00778  0.51   58969     459   58742  2004728  34.00
1880-1889       39      0.00715  0.00713  0.52   58510     417   58311  1945985  33.26
1880-1889       40      0.00770  0.00767  0.51   58093     446   57872  1887675  32.49
1880-1889       41      0.00768  0.00765  0.51   57647     441   57431  1829802  31.74
1880-1889       42      0.00731  0.00728  0.51   57206     416   57002  1772371  30.98
1880-1889       43      0.00781  0.00778  0.52   56789     442   56575  1715369  30.21
1880-1889       44      0.00790  0.00787  0.51   56347     443   56132  1658794  29.44
1880-1889       45      0.00757  0.00754  0.51   55904     421   55697  1602663  28.67
1880-1889       46      0.00800  0.00797  0.52   55482     442   55270  1546966  27.88
1880-1889       47      0.00806  0.00802  0.51   55041     442   54825  1491696  27.10
1880-1889       48      0.00838  0.00835  0.51   54599     456   54375  1436871  26.32
1880-1889       49      0.00827  0.00824  0.51   54143     446   53925  1382496  25.53
1880-1889       50      0.00936  0.00931  0.50   53697     500   53449  1328571  24.74
1880-1889       51      0.00971  0.00966  0.51   53197     514   52943  1275122  23.97
1880-1889       52      0.01002  0.00997  0.51   52683     525   52426  1222179  23.20
1880-1889       53      0.01046  0.01040  0.51   52157     543   51892  1169753  22.43
1880-1889       54      0.01127  0.01120  0.51   51615     578   51329  1117861  21.66
1880-1889       55      0.01232  0.01225  0.51   51036     625   50730  1066532  20.90
1880-1889       56      0.01258  0.01250  0.50   50411     630   50099  1015802  20.15
1880-1889       57      0.01361  0.01352  0.51   49781     673   49453   965703  19.40
1880-1889       58      0.01427  0.01417  0.50   49108     696   48760   916250  18.66
1880-1889       59      0.01478  0.01468  0.50   48412     710   48059   867490  17.92
1880-1889       60      0.01661  0.01648  0.50   47702     786   47311   819430  17.18
1880-1889       61      0.01767  0.01752  0.51   46916     822   46514   772119  16.46
1880-1889       62      0.01894  0.01877  0.50   46094     865   45665   725606  15.74
1880-1889       63      0.02075  0.02054  0.51   45229     929   44772   679940  15.03
1880-1889       64      0.02325  0.02299  0.51   44300    1018   43799   635169  14.34
1880-1889       65      0.02502  0.02472  0.51   43281    1070   42757   591369  13.66
1880-1889       66      0.02805  0.02767  0.51   42211    1168   41635   548612  13.00
1880-1889       67      0.03088  0.03042  0.51   41043    1249   40431   506977  12.35
1880-1889       68      0.03355  0.03300  0.51   39795    1313   39146   466546  11.72
1880-1889       69      0.03782  0.03712  0.50   38482    1428   37774   427400  11.11
1880-1889       70      0.04083  0.04001  0.50   37053    1482   36312   389626  10.52
1880-1889       71      0.04616  0.04513  0.51   35571    1605   34779   353314   9.93
1880-1889       72      0.05194  0.05064  0.50   33965    1720   33110   318535   9.38
1880-1889       73      0.05729  0.05571  0.51   32245    1796   31357   285425   8.85
1880-1889       74      0.06160  0.05979  0.51   30449    1821   29552   254068   8.34
1880-1889       75      0.07161  0.06916  0.50   28629    1980   27648   224516   7.84
1880-1889       76      0.07982  0.07678  0.50   26649    2046   25634   196869   7.39
1880-1889       77      0.08833  0.08462  0.50   24603    2082   23569   171235   6.96
1880-1889       78      0.09692  0.09250  0.51   22521    2083   21493   147665   6.56
1880-1889       79      0.10850  0.10296  0.50   20438    2104   19395   126173   6.17
1880-1889       80      0.12091  0.11410  0.51   18333    2092   17300   106778   5.82
1880-1889       81      0.13132  0.12326  0.50   16241    2002   15245    89478   5.51
1880-1889       82      0.14044  0.13122  0.50   14240    1869   13304    74233   5.21
1880-1889       83      0.15626  0.14506  0.51   12371    1795   11485    60929   4.93
1880-1889       84      0.16738  0.15452  0.50   10577    1634    9764    49444   4.67
1880-1889       85      0.18079  0.16570  0.50    8942    1482    8196    39680   4.44
1880-1889       86      0.19847  0.18070  0.50    7460    1348    6793    31484   4.22
1880-1889       87      0.21147  0.19143  0.51    6112    1170    5533    24691   4.04
1880-1889       88      0.21740  0.19593  0.50    4942     968    4454    19158   3.88
1880-1889       89      0.23193  0.20785  0.50    3974     826    3561    14704   3.70
1880-1889       90      0.23763  0.21256  0.50    3148     669    2816    11142   3.54
1880-1889       91      0.25556  0.22678  0.50    2479     562    2200     8326   3.36
1880-1889       92      0.27137  0.23900  0.50    1917     458    1688     6127   3.20
1880-1889       93      0.29078  0.25383  0.50    1459     370    1273     4439   3.04
1880-1889       94      0.31456  0.27171  0.50    1088     296     940     3166   2.91
1880-1889       95      0.31497  0.27249  0.51     793     216     686     2225   2.81
1880-1889       96      0.31804  0.27401  0.49     577     158     497     1540   2.67
1880-1889       97      0.34640  0.29501  0.50     419     124     357     1043   2.49
1880-1889       98      0.38209  0.32122  0.50     295      95     248      686   2.33
1880-1889       99      0.41092  0.34153  0.51     200      68     167      438   2.19
1880-1889      100      0.44199  0.36044  0.49     132      48     108      272   2.06
1880-1889      101      0.51012  0.40893  0.51      84      35      68      164   1.95
1880-1889      102      0.42812  0.35465  0.52      50      18      41       96   1.93
1880-1889      103      0.50674  0.40541  0.51      32      13      26       55   1.71
1880-1889      104      0.67715  0.50000  0.48      19      10      14       29   1.54
1880-1889      105      0.63890  0.48485  0.50      10       5       7       15   1.60
1880-1889      106      0.59907  0.47059  0.54       5       2       4        8   1.63
1880-1889      107      0.78829  0.55556  0.47       3       1       2        4   1.60
1880-1889      108      0.27226  0.25000  0.67       1       0       1        2   2.00
1880-1889      109      1.19605  0.66667  0.34       1       1       0        1   1.45
1880-1889      110+     0.37460  1.00000  2.67       0       0       1        1   2.67
1890-1899        0      0.13469  0.12330  0.31  100000   12330   91543  4950847  49.51
1890-1899        1      0.05234  0.05094  0.48   87670    4466   85332  4859304  55.43
1890-1899        2      0.02901  0.02859  0.50   83204    2379   82005  4773971  57.38
1890-1899        3      0.02039  0.02018  0.50   80826    1631   80006  4691966  58.05
1890-1899        4      0.01445  0.01435  0.50   79194    1136   78625  4611960  58.24
1890-1899        5      0.01204  0.01197  0.51   78058     934   77596  4533336  58.08
1890-1899        6      0.00925  0.00921  0.51   77124     710   76773  4455740  57.77
1890-1899        7      0.00829  0.00826  0.51   76413     631   76102  4378966  57.31
1890-1899        8      0.00752  0.00749  0.51   75782     567   75502  4302864  56.78
1890-1899        9      0.00637  0.00635  0.50   75215     478   74978  4227362  56.20
1890-1899       10      0.00585  0.00583  0.51   74737     436   74522  4152384  55.56
1890-1899       11      0.00524  0.00522  0.51   74301     388   74111  4077862  54.88
1890-1899       12      0.00521  0.00520  0.51   73913     384   73725  4003751  54.17
1890-1899       13      0.00539  0.00538  0.51   73529     395   73335  3930026  53.45
1890-1899       14      0.00540  0.00539  0.51   73134     394   72941  3856691  52.73
1890-1899       15      0.00584  0.00583  0.51   72740     424   72532  3783750  52.02
1890-1899       16      0.00623  0.00621  0.51   72316     449   72096  3711218  51.32
1890-1899       17      0.00663  0.00661  0.51   71867     475   71633  3639122  50.64
1890-1899       18      0.00694  0.00691  0.51   71392     494   71151  3567489  49.97
1890-1899       19      0.00666  0.00664  0.51   70898     470   70667  3496337  49.31
1890-1899       20      0.00734  0.00732  0.51   70428     515   70174  3425670  48.64
1890-1899       21      0.00774  0.00771  0.51   69912     539   69648  3355496  48.00
1890-1899       22      0.00784  0.00781  0.51   69373     541   69109  3285849  47.36
1890-1899       23      0.00734  0.00731  0.51   68832     503   68585  3216739  46.73
1890-1899       24      0.00751  0.00748  0.51   68328     511   68077  3148154  46.07
1890-1899       25      0.00746  0.00743  0.51   67817     504   67571  3080078  45.42
1890-1899       26      0.00749  0.00747  0.51   67313     503   67067  3012507  44.75
1890-1899       27      0.00738  0.00736  0.51   66811     491   66572  2945440  44.09
1890-1899       28      0.00776  0.00773  0.51   66319     512   66069  2878868  43.41
1890-1899       29      0.00719  0.00717  0.52   65807     472   65580  2812799  42.74
1890-1899       30      0.00722  0.00719  0.51   65335     470   65104  2747219  42.05
1890-1899       31      0.00646  0.00644  0.51   64865     418   64660  2682114  41.35
1890-1899       32      0.00679  0.00676  0.52   64448     436   64236  2617454  40.61
1890-1899       33      0.00669  0.00667  0.51   64012     427   63801  2553218  39.89
1890-1899       34      0.00611  0.00609  0.50   63585     388   63393  2489417  39.15
1890-1899       35      0.00640  0.00638  0.51   63198     403   62999  2426024  38.39
1890-1899       36      0.00653  0.00650  0.51   62794     408   62594  2363025  37.63
1890-1899       37      0.00636  0.00634  0.51   62386     396   62192  2300431  36.87
1890-1899       38      0.00662  0.00660  0.52   61990     409   61792  2238239  36.11
1890-1899       39      0.00619  0.00617  0.50   61581     380   61393  2176447  35.34
1890-1899       40      0.00646  0.00644  0.50   61201     394   61005  2115054  34.56
1890-1899       41      0.00642  0.00640  0.51   60807     389   60615  2054049  33.78
1890-1899       42      0.00614  0.00612  0.51   60418     370   60237  1993434  32.99
1890-1899       43      0.00636  0.00634  0.51   60048     381   59862  1933197  32.19
1890-1899       44      0.00598  0.00597  0.51   59667     356   59493  1873336  31.40
1890-1899       45      0.00702  0.00700  0.50   59311     415   59103  1813842  30.58
1890-1899       46      0.00681  0.00679  0.50   58896     400   58696  1754739  29.79
1890-1899       47      0.00668  0.00666  0.51   58496     390   58303  1696044  28.99
1890-1899       48      0.00675  0.00673  0.51   58107     391   57914  1637740  28.19
1890-1899       49      0.00701  0.00698  0.50   57716     403   57515  1579826  27.37
1890-1899       50      0.00719  0.00716  0.51   57313     410   57110  1522311  26.56
1890-1899       51      0.00766  0.00763  0.50   56902     434   56685  1465201  25.75
1890-1899       52      0.00769  0.00766  0.51   56468     433   56256  1408517  24.94
1890-1899       53      0.00835  0.00831  0.50   56035     466   55803  1352260  24.13
1890-1899       54      0.00915  0.00911  0.50   55570     506   55317  1296457  23.33
1890-1899       55      0.00919  0.00915  0.51   55063     504   54815  1241141  22.54
1890-1899       56      0.00971  0.00966  0.50   54560     527   54297  1186326  21.74
1890-1899       57      0.01045  0.01040  0.51   54032     562   53755  1132028  20.95
1890-1899       58      0.01117  0.01110  0.51   53470     594   53177  1078273  20.17
1890-1899       59      0.01179  0.01172  0.51   52877     620   52571  1025096  19.39
1890-1899       60      0.01335  0.01326  0.50   52257     693   51912   972525  18.61
1890-1899       61      0.01450  0.01439  0.51   51564     742   51200   920613  17.85
1890-1899       62      0.01595  0.01583  0.50   50822     804   50421   869413  17.11
1890-1899       63      0.01645  0.01631  0.50   50018     816   49613   818991  16.37
1890-1899       64      0.01990  0.01970  0.51   49202     970   48723   769378  15.64
1890-1899       65      0.02119  0.02097  0.51   48232    1011   47736   720655  14.94
1890-1899       66      0.02398  0.02370  0.51   47221    1119   46671   672919  14.25
1890-1899       67      0.02728  0.02692  0.51   46102    1241   45488   626248  13.58
1890-1899       68      0.02983  0.02939  0.51   44861    1319   44208   580760  12.95
1890-1899       69      0.03316  0.03262  0.50   43542    1420   42839   536552  12.32
1890-1899       70      0.03798  0.03728  0.50   42122    1570   41344   493713  11.72
1890-1899       71      0.04161  0.04077  0.51   40552    1653   39738   452369  11.16
1890-1899       72      0.04640  0.04536  0.50   38898    1764   38020   412631  10.61
1890-1899       73      0.05035  0.04912  0.50   37134    1824   36224   374611  10.09
1890-1899       74      0.05633  0.05479  0.50   35310    1935   34344   338387   9.58
1890-1899       75      0.06170  0.05986  0.50   33375    1998   32380   304043   9.11
1890-1899       76      0.06561  0.06355  0.50   31378    1994   30389   271662   8.66
1890-1899       77      0.07369  0.07110  0.50   29384    2089   28349   241273   8.21
1890-1899       78      0.07752  0.07464  0.50   27294    2037   26282   212924   7.80
1890-1899       79      0.08605  0.08250  0.50   25257    2084   24217   186642   7.39
1890-1899       80      0.09088  0.08697  0.51   23173    2015   22176   162425   7.01
1890-1899       81      0.09643  0.09204  0.51   21158    1947   20194   140249   6.63
1890-1899       82      0.10650  0.10116  0.50   19210    1943   18248   120055   6.25
1890-1899       83      0.11525  0.10904  0.51   17267    1883   16336   101807   5.90
1890-1899       84      0.12312  0.11605  0.51   15384    1785   14501    85471   5.56
1890-1899       85      0.13369  0.12535  0.50   13599    1705   12751    70970   5.22
1890-1899       86      0.14445  0.13479  0.50   11894    1603   11098    58220   4.89
1890-1899       87      0.15748  0.14606  0.50   10291    1503    9544    47121   4.58
1890-1899       88      0.17392  0.16019  0.51    8788    1408    8095    37577   4.28
1890-1899       89      0.19066  0.17423  0.51    7380    1286    6744    29482   3.99
1890-1899       90      0.20697  0.18777  0.51    6094    1144    5529    22738   3.73
1890-1899       91      0.23143  0.20747  0.50    4950    1027    4438    17209   3.48
1890-1899       92      0.24218  0.21623  0.50    3923     848    3503    12771   3.26
1890-1899       93      0.27168  0.23939  0.50    3075     736    2709     9269   3.01
1890-1899       94      0.31111  0.26904  0.50    2339     629    2022     6559   2.80
1890-1899       95      0.32879  0.28243  0.50    1709     483    1468     4537   2.65
1890-1899       96      0.36406  0.30781  0.50    1227     378    1037     3068   2.50
1890-1899       97      0.36955  0.31157  0.50     849     265     716     2031   2.39
1890-1899       98      0.39322  0.32781  0.49     585     192     487     1315   2.25
1890-1899       99      0.42879  0.35342  0.50     393     139     324      828   2.11
1890-1899      100      0.46084  0.37288  0.49     254      95     206      504   1.98
1890-1899      101      0.46972  0.37838  0.49     159      60     128      299   1.87
1890-1899      102      0.55987  0.43750  0.50      99      43      77      170   1.72
1890-1899      103      0.57509  0.44444  0.49      56      25      43       93   1.67
1890-1899      104      0.60336  0.46087  0.49      31      14      24       50   1.61
1890-1899      105      0.67725  0.50000  0.48      17       8      12       26   1.57
1890-1899      106      0.48580  0.38710  0.48       8       3       7       14   1.67
1890-1899      107      0.74832  0.52632  0.44       5       3       4        7   1.42
1890-1899      108      0.57029  0.44444  0.50       2       1       2        4   1.52
1890-1899      109      0.46110  0.40000  0.67       1       1       1        2   1.34
1890-1899      110+     1.28120  1.00000  0.78       1       1       1        1   0.78
1900-1909        0      0.12556  0.11560  0.31  100000   11560   92071  5426365  54.26
1900-1909        1      0.04338  0.04242  0.48   88440    3751   86472  5334295  60.32
1900-1909        2      0.02155  0.02132  0.50   84688    1805   83781  5247822  61.97
1900-1909        3      0.01642  0.01629  0.50   82883    1350   82206  5164041  62.31
1900-1909        4      0.01129  0.01123  0.50   81533     916   81074  5081835  62.33
1900-1909        5      0.00948  0.00944  0.50   80618     761   80238  5000760  62.03
1900-1909        6      0.00740  0.00737  0.50   79857     589   79564  4920523  61.62
1900-1909        7      0.00604  0.00602  0.50   79268     477   79031  4840959  61.07
1900-1909        8      0.00541  0.00540  0.50   78791     425   78579  4761928  60.44
1900-1909        9      0.00518  0.00516  0.50   78365     405   78164  4683349  59.76
1900-1909       10      0.00517  0.00515  0.50   77961     402   77761  4605185  59.07
1900-1909       11      0.00473  0.00472  0.50   77559     366   77378  4527424  58.37
1900-1909       12      0.00469  0.00468  0.51   77193     361   77015  4450046  57.65
1900-1909       13      0.00477  0.00476  0.51   76832     366   76654  4373031  56.92
1900-1909       14      0.00516  0.00514  0.51   76466     393   76274  4296377  56.19
1900-1909       15      0.00565  0.00564  0.52   76073     429   75865  4220104  55.47
1900-1909       16      0.00611  0.00609  0.51   75644     461   75420  4144238  54.79
1900-1909       17      0.00603  0.00601  0.51   75183     452   74960  4068818  54.12
1900-1909       18      0.00602  0.00600  0.50   74731     448   74509  3993858  53.44
1900-1909       19      0.00595  0.00593  0.51   74283     441   74068  3919349  52.76
1900-1909       20      0.00649  0.00647  0.51   73842     478   73608  3845282  52.07
1900-1909       21      0.00625  0.00624  0.52   73364     457   73143  3771673  51.41
1900-1909       22      0.00657  0.00654  0.51   72907     477   72675  3698530  50.73
1900-1909       23      0.00652  0.00650  0.52   72430     470   72202  3625855  50.06
1900-1909       24      0.00651  0.00649  0.50   71959     467   71728  3553653  49.38
1900-1909       25      0.00643  0.00641  0.50   71492     459   71265  3481925  48.70
1900-1909       26      0.00618  0.00617  0.51   71033     438   70819  3410660  48.01
1900-1909       27      0.00589  0.00587  0.50   70595     415   70389  3339842  47.31
1900-1909       28      0.00580  0.00579  0.51   70181     406   69983  3269452  46.59
1900-1909       29      0.00563  0.00561  0.51   69775     392   69582  3199469  45.85
1900-1909       30      0.00566  0.00564  0.51   69383     392   69190  3129888  45.11
1900-1909       31      0.00508  0.00507  0.51   68991     350   68821  3060697  44.36
1900-1909       32      0.00517  0.00515  0.50   68642     354   68466  2991876  43.59
1900-1909       33      0.00517  0.00516  0.50   68288     352   68113  2923411  42.81
1900-1909       34      0.00522  0.00521  0.51   67936     354   67764  2855298  42.03
1900-1909       35      0.00507  0.00506  0.51   67582     342   67414  2787534  41.25
1900-1909       36      0.00514  0.00513  0.51   67240     345   67070  2720120  40.45
1900-1909       37      0.00496  0.00495  0.50   66895     331   66730  2653050  39.66
1900-1909       38      0.00450  0.00449  0.51   66564     299   66416  2586320  38.85
1900-1909       39      0.00464  0.00463  0.51   66265     307   66114  2519904  38.03
1900-1909       40      0.00441  0.00440  0.50   65958     290   65812  2453790  37.20
1900-1909       41      0.00453  0.00452  0.50   65668     297   65520  2387978  36.36
1900-1909       42      0.00447  0.00446  0.50   65371     292   65224  2322458  35.53
1900-1909       43      0.00417  0.00416  0.51   65079     271   64947  2257234  34.68
1900-1909       44      0.00399  0.00398  0.50   64808     258   64680  2192287  33.83
1900-1909       45      0.00403  0.00402  0.51   64550     259   64422  2127607  32.96
1900-1909       46      0.00438  0.00438  0.50   64291     281   64150  2063185  32.09
1900-1909       47      0.00429  0.00428  0.50   64010     274   63873  1999035  31.23
1900-1909       48      0.00464  0.00463  0.51   63736     295   63591  1935162  30.36
1900-1909       49      0.00491  0.00490  0.50   63441     311   63285  1871571  29.50
1900-1909       50      0.00513  0.00512  0.50   63130     323   62970  1808287  28.64
1900-1909       51      0.00548  0.00546  0.50   62807     343   62636  1745317  27.79
1900-1909       52      0.00588  0.00586  0.50   62464     366   62282  1682681  26.94
1900-1909       53      0.00622  0.00620  0.50   62098     385   61906  1620399  26.09
1900-1909       54      0.00694  0.00691  0.50   61713     427   61501  1558493  25.25
1900-1909       55      0.00748  0.00745  0.50   61286     457   61058  1496992  24.43
1900-1909       56      0.00772  0.00769  0.50   60829     468   60595  1435934  23.61
1900-1909       57      0.00868  0.00864  0.50   60362     522   60102  1375340  22.79
1900-1909       58      0.00940  0.00936  0.50   59840     560   59560  1315238  21.98
1900-1909       59      0.01044  0.01039  0.50   59280     616   58971  1255678  21.18
1900-1909       60      0.01135  0.01128  0.51   58664     662   58336  1196706  20.40
1900-1909       61      0.01259  0.01251  0.50   58002     726   57641  1138370  19.63
1900-1909       62      0.01384  0.01374  0.50   57276     787   56882  1080729  18.87
1900-1909       63      0.01505  0.01494  0.50   56489     844   56068  1023847  18.12
1900-1909       64      0.01673  0.01659  0.50   55645     923   55187   967778  17.39
1900-1909       65      0.01808  0.01792  0.50   54722     981   54236   912591  16.68
1900-1909       66      0.01998  0.01979  0.51   53742    1063   53216   858355  15.97
1900-1909       67      0.02121  0.02099  0.50   52678    1106   52127   805140  15.28
1900-1909       68      0.02267  0.02241  0.50   51573    1156   50994   753013  14.60
1900-1909       69      0.02535  0.02503  0.51   50417    1262   49794   702019  13.92
1900-1909       70      0.02730  0.02693  0.50   49155    1324   48498   652225  13.27
1900-1909       71      0.03032  0.02987  0.50   47831    1428   47120   603727  12.62
1900-1909       72      0.03318  0.03264  0.50   46402    1514   45650   556608  12.00
1900-1909       73      0.03643  0.03578  0.50   44888    1606   44086   510958  11.38
1900-1909       74      0.03960  0.03883  0.50   43282    1681   42446   466872  10.79
1900-1909       75      0.04361  0.04269  0.50   41601    1776   40719   424426  10.20
1900-1909       76      0.04835  0.04722  0.50   39826    1880   38893   383706   9.63
1900-1909       77      0.05338  0.05201  0.50   37945    1973   36967   344813   9.09
1900-1909       78      0.05738  0.05578  0.50   35972    2007   34972   307847   8.56
1900-1909       79      0.06388  0.06192  0.51   33965    2103   32925   272875   8.03
1900-1909       80      0.07324  0.07068  0.51   31862    2252   30748   239950   7.53
1900-1909       81      0.07973  0.07668  0.50   29610    2271   28480   209201   7.07
1900-1909       82      0.08982  0.08599  0.50   27339    2351   26174   180722   6.61
1900-1909       83      0.10021  0.09547  0.50   24988    2386   23807   154548   6.18
1900-1909       84      0.11104  0.10524  0.50   22603    2379   21421   130741   5.78
1900-1909       85      0.12329  0.11618  0.50   20224    2350   19058   109320   5.41
1900-1909       86      0.13509  0.12660  0.50   17875    2263   16751    90262   5.05
1900-1909       87      0.15043  0.14001  0.51   15612    2186   14530    73511   4.71
1900-1909       88      0.16503  0.15250  0.50   13426    2047   12406    58981   4.39
1900-1909       89      0.18448  0.16901  0.50   11378    1923   10424    46575   4.09
1900-1909       90      0.20302  0.18455  0.51    9455    1745    8595    36150   3.82
1900-1909       91      0.21543  0.19465  0.50    7710    1501    6967    27556   3.57
1900-1909       92      0.24885  0.22159  0.51    6210    1376    5529    20589   3.32
1900-1909       93      0.26259  0.23254  0.51    4834    1124    4280    15059   3.12
1900-1909       94      0.29687  0.25863  0.50    3710     959    3232    10779   2.91
1900-1909       95      0.30819  0.26746  0.51    2750     736    2387     7547   2.74
1900-1909       96      0.34160  0.29171  0.50    2015     588    1720     5160   2.56
1900-1909       97      0.36463  0.30922  0.51    1427     441    1210     3440   2.41
1900-1909       98      0.38725  0.32453  0.50     986     320     826     2230   2.26
1900-1909       99      0.41213  0.34183  0.50     666     228     552     1404   2.11
1900-1909      100      0.47188  0.38249  0.50     438     168     355      852   1.94
1900-1909      101      0.52506  0.41667  0.50     271     113     215      496   1.83
1900-1909      102      0.50603  0.40353  0.50     158      64     126      282   1.78
1900-1909      103      0.55113  0.43210  0.50      94      41      74      156   1.65
1900-1909      104      0.57251  0.45217  0.54      53      24      42       82   1.53
1900-1909      105      0.69759  0.51587  0.50      29      15      22       40   1.36
1900-1909      106      0.84155  0.59016  0.49      14       8      10       18   1.28
1900-1909      107      0.86360  0.60000  0.49       6       3       4        8   1.40
1900-1909      108      0.34575  0.30000  0.56       2       1       2        4   1.77
1900-1909      109      0.52867  0.42857  0.56       2       1       1        2   1.29
1900-1909      110+     1.19570  1.00000  0.84       1       1       1        1   0.84
1910-1919        0      0.11010  0.10237  0.31  100000   10237   92979  5917194  59.17
1910-1919        1      0.03791  0.03718  0.48   89763    3337   88033  5824216  64.88
1910-1919        2      0.02012  0.01992  0.50   86426    1721   85560  5736183  66.37
1910-1919        3      0.01478  0.01468  0.50   84705    1243   84080  5650623  66.71
1910-1919        4      0.01007  0.01002  0.49   83462     836   83038  5566543  66.70
1910-1919        5      0.00833  0.00829  0.50   82626     685   82283  5483505  66.37
1910-1919        6      0.00634  0.00632  0.50   81940     518   81680  5401222  65.92
1910-1919        7      0.00510  0.00509  0.50   81423     414   81216  5319542  65.33
1910-1919        8      0.00410  0.00409  0.50   81008     331   80841  5238325  64.66
1910-1919        9      0.00328  0.00328  0.51   80677     265   80546  5157484  63.93
1910-1919       10      0.00300  0.00300  0.51   80412     241   80295  5076938  63.14
1910-1919       11      0.00314  0.00313  0.52   80171     251   80050  4996643  62.32
1910-1919       12      0.00349  0.00348  0.52   79920     278   79786  4916593  61.52
1910-1919       13      0.00373  0.00373  0.52   79642     297   79499  4836807  60.73
1910-1919       14      0.00393  0.00392  0.51   79345     311   79194  4757308  59.96
1910-1919       15      0.00451  0.00450  0.52   79034     355   78862  4678114  59.19
1910-1919       16      0.00476  0.00475  0.52   78678     374   78499  4599252  58.46
1910-1919       17      0.00490  0.00489  0.51   78305     383   78118  4520753  57.73
1910-1919       18      0.00503  0.00502  0.51   77922     391   77729  4442635  57.01
1910-1919       19      0.00472  0.00471  0.51   77531     365   77351  4364906  56.30
1910-1919       20      0.00500  0.00499  0.51   77166     385   76976  4287555  55.56
1910-1919       21      0.00491  0.00490  0.51   76781     376   76596  4210578  54.84
1910-1919       22      0.00483  0.00482  0.51   76405     368   76225  4133982  54.11
1910-1919       23      0.00471  0.00470  0.51   76036     357   75860  4057758  53.37
1910-1919       24      0.00501  0.00500  0.51   75679     378   75495  3981898  52.62
1910-1919       25      0.00503  0.00501  0.51   75301     378   75114  3906403  51.88
1910-1919       26      0.00503  0.00501  0.50   74923     376   74736  3831289  51.14
1910-1919       27      0.00487  0.00485  0.51   74548     362   74370  3756553  50.39
1910-1919       28      0.00458  0.00457  0.50   74186     339   74017  3682183  49.63
1910-1919       29      0.00441  0.00440  0.50   73847     325   73684  3608166  48.86
1910-1919       30      0.00411  0.00410  0.51   73522     302   73373  3534482  48.07
1910-1919       31      0.00371  0.00370  0.50   73220     271   73084  3461109  47.27
1910-1919       32      0.00375  0.00375  0.50   72949     273   72814  3388025  46.44
1910-1919       33      0.00328  0.00328  0.50   72676     238   72557  3315212  45.62
1910-1919       34      0.00319  0.00318  0.50   72437     230   72322  3242655  44.76
1910-1919       35      0.00286  0.00286  0.50   72207     206   72104  3170333  43.91
1910-1919       36      0.00273  0.00272  0.50   72001     196   71903  3098229  43.03
1910-1919       37      0.00253  0.00252  0.51   71805     181   71716  3026326  42.15
1910-1919       38      0.00249  0.00249  0.50   71623     178   71534  2954610  41.25
1910-1919       39      0.00233  0.00233  0.50   71445     166   71362  2883077  40.35
1910-1919       40      0.00233  0.00232  0.51   71279     166   71197  2811715  39.45
1910-1919       41      0.00257  0.00256  0.49   71113     182   71021  2740517  38.54
1910-1919       42      0.00269  0.00268  0.51   70931     190   70838  2669497  37.64
1910-1919       43      0.00279  0.00278  0.50   70741     197   70643  2598659  36.73
1910-1919       44      0.00301  0.00301  0.50   70544     212   70439  2528016  35.84
1910-1919       45      0.00308  0.00307  0.50   70332     216   70223  2457578  34.94
1910-1919       46      0.00325  0.00325  0.51   70116     228   70003  2387355  34.05
1910-1919       47      0.00354  0.00353  0.50   69888     247   69765  2317352  33.16
1910-1919       48      0.00388  0.00387  0.51   69641     270   69509  2247587  32.27
1910-1919       49      0.00424  0.00423  0.51   69371     294   69226  2178078  31.40
1910-1919       50      0.00456  0.00455  0.50   69078     314   68921  2108852  30.53
1910-1919       51      0.00485  0.00483  0.50   68763     332   68598  2039930  29.67
1910-1919       52      0.00521  0.00520  0.50   68431     356   68251  1971333  28.81
1910-1919       53      0.00534  0.00533  0.50   68075     363   67894  1903082  27.96
1910-1919       54      0.00570  0.00568  0.50   67712     385   67519  1835188  27.10
1910-1919       55      0.00617  0.00615  0.50   67327     414   67122  1767669  26.25
1910-1919       56      0.00637  0.00635  0.50   66914     425   66703  1700546  25.41
1910-1919       57      0.00727  0.00724  0.51   66489     482   66252  1633844  24.57
1910-1919       58      0.00768  0.00765  0.50   66007     505   65754  1567592  23.75
1910-1919       59      0.00864  0.00860  0.50   65502     563   65222  1501837  22.93
1910-1919       60      0.00911  0.00907  0.50   64938     589   64645  1436616  22.12
1910-1919       61      0.00944  0.00940  0.50   64349     605   64049  1371971  21.32
1910-1919       62      0.01048  0.01043  0.50   63745     665   63413  1307922  20.52
1910-1919       63      0.01118  0.01112  0.51   63080     701   62736  1244509  19.73
1910-1919       64      0.01217  0.01210  0.51   62379     755   62006  1181773  18.95
1910-1919       65      0.01319  0.01310  0.50   61624     808   61221  1119767  18.17
1910-1919       66      0.01432  0.01422  0.51   60816     865   60392  1058546  17.41
1910-1919       67      0.01607  0.01595  0.50   59952     956   59477   998154  16.65
1910-1919       68      0.01728  0.01714  0.50   58996    1011   58493   938677  15.91
1910-1919       69      0.01969  0.01950  0.50   57985    1131   57419   880184  15.18
1910-1919       70      0.02136  0.02114  0.50   56854    1202   56255   822765  14.47
1910-1919       71      0.02419  0.02390  0.50   55652    1330   54992   766510  13.77
1910-1919       72      0.02692  0.02657  0.51   54322    1443   53609   711518  13.10
1910-1919       73      0.02988  0.02945  0.51   52879    1557   52117   657909  12.44
1910-1919       74      0.03207  0.03157  0.50   51322    1620   50516   605792  11.80
1910-1919       75      0.03640  0.03576  0.50   49702    1777   48818   555276  11.17
1910-1919       76      0.04058  0.03978  0.51   47924    1907   46981   506458  10.57
1910-1919       77      0.04476  0.04379  0.50   46018    2015   45016   459477   9.98
1910-1919       78      0.04992  0.04871  0.50   44003    2143   42933   414461   9.42
1910-1919       79      0.05511  0.05365  0.51   41860    2246   40751   371527   8.88
1910-1919       80      0.05991  0.05819  0.50   39614    2305   38472   330776   8.35
1910-1919       81      0.06765  0.06546  0.51   37309    2442   36102   292304   7.83
1910-1919       82      0.07549  0.07278  0.51   34867    2538   33614   256202   7.35
1910-1919       83      0.08552  0.08205  0.51   32329    2653   31018   222588   6.89
1910-1919       84      0.09184  0.08785  0.51   29676    2607   28387   191570   6.46
1910-1919       85      0.10111  0.09630  0.51   27070    2607   25782   163183   6.03
1910-1919       86      0.11438  0.10824  0.50   24463    2648   23150   137401   5.62
1910-1919       87      0.12627  0.11885  0.51   21815    2593   20532   114251   5.24
1910-1919       88      0.13949  0.13055  0.51   19222    2509   17990    93719   4.88
1910-1919       89      0.15558  0.14440  0.50   16713    2413   15512    75729   4.53
1910-1919       90      0.17211  0.15855  0.50   14299    2267   13173    60218   4.21
1910-1919       91      0.19180  0.17500  0.50   12032    2106   10979    47045   3.91
1910-1919       92      0.21086  0.19095  0.51    9927    1896    8989    36066   3.63
1910-1919       93      0.23393  0.20958  0.50    8031    1683    7195    27077   3.37
1910-1919       94      0.25342  0.22497  0.50    6348    1428    5635    19882   3.13
1910-1919       95      0.27943  0.24544  0.50    4920    1208    4321    14247   2.90
1910-1919       96      0.31203  0.27034  0.51    3712    1004    3216     9925   2.67
1910-1919       97      0.34677  0.29592  0.50    2709     802    2312     6709   2.48
1910-1919       98      0.38088  0.31982  0.50    1907     610    1601     4398   2.31
1910-1919       99      0.40546  0.33695  0.50    1297     437    1078     2796   2.16
1910-1919      100      0.45674  0.37094  0.49     860     319     699     1718   2.00
1910-1919      101      0.48643  0.39069  0.50     541     211     435     1020   1.88
1910-1919      102      0.50132  0.40000  0.49     330     132     263      585   1.77
1910-1919      103      0.59210  0.45749  0.50     198      90     153      322   1.63
1910-1919      104      0.64214  0.48783  0.51     107      52      82      169   1.58
1910-1919      105      0.55338  0.43498  0.51      55      24      43       88   1.60
1910-1919      106      0.69523  0.50754  0.47      31      16      23       45   1.43
1910-1919      107      0.71444  0.53333  0.52      15       8      11       22   1.43
1910-1919      108      0.39204  0.34722  0.67       7       2       6       10   1.46
1910-1919      109      0.87522  0.59140  0.45       5       3       3        4   0.88
1910-1919      110+     1.98633  1.00000  0.50       2       2       1        1   0.50
1920-1929        0      0.09013  0.08488  0.31  100000    8488   94178  6735748  67.36
1920-1929        1      0.02316  0.02289  0.48   91512    2095   90430  6641570  72.58
1920-1929        2      0.01038  0.01032  0.50   89417     923   88953  6551140  73.26
1920-1929        3      0.00668  0.00666  0.51   88494     589   88208  6462188  73.02
1920-1929        4      0.00429  0.00428  0.52   87905     377   87723  6373979  72.51
1920-1929        5      0.00359  0.00358  0.51   87528     313   87375  6286256  71.82
1920-1929        6      0.00322  0.00321  0.51   87215     280   87077  6198882  71.08
1920-1929        7      0.00301  0.00300  0.50   86935     261   86805  6111805  70.30
1920-1929        8      0.00262  0.00261  0.51   86674     226   86562  6025000  69.51
1920-1929        9      0.00229  0.00229  0.51   86447     198   86350  5938438  68.69
1920-1929       10      0.00228  0.00227  0.50   86249     196   86151  5852088  67.85
1920-1929       11      0.00213  0.00213  0.52   86053     183   85965  5765936  67.00
1920-1929       12      0.00228  0.00228  0.51   85870     195   85775  5679971  66.15
1920-1929       13      0.00241  0.00241  0.51   85675     206   85574  5594197  65.30
1920-1929       14      0.00257  0.00257  0.51   85469     220   85362  5508623  64.45
1920-1929       15      0.00324  0.00323  0.51   85249     276   85114  5423261  63.62
1920-1929       16      0.00343  0.00342  0.50   84973     291   84829  5338147  62.82
1920-1929       17      0.00383  0.00382  0.51   84682     323   84524  5253319  62.04
1920-1929       18      0.00375  0.00375  0.51   84359     316   84205  5168795  61.27
1920-1929       19      0.00355  0.00354  0.51   84043     298   83896  5084590  60.50
1920-1929       20      0.00362  0.00361  0.51   83745     303   83596  5000694  59.71
1920-1929       21      0.00340  0.00340  0.50   83442     283   83300  4917099  58.93
1920-1929       22      0.00311  0.00311  0.50   83159     258   83031  4833799  58.13
1920-1929       23      0.00313  0.00312  0.50   82900     259   82770  4750768  57.31
1920-1929       24      0.00267  0.00267  0.49   82641     221   82530  4667998  56.48
1920-1929       25      0.00235  0.00235  0.50   82421     194   82324  4585468  55.63
1920-1929       26      0.00200  0.00199  0.50   82227     164   82144  4503144  54.76
1920-1929       27      0.00180  0.00179  0.48   82063     147   81987  4421000  53.87
1920-1929       28      0.00174  0.00174  0.49   81916     143   81843  4339013  52.97
1920-1929       29      0.00158  0.00158  0.50   81773     129   81708  4257170  52.06
1920-1929       30      0.00141  0.00141  0.48   81644     115   81585  4175462  51.14
1920-1929       31      0.00133  0.00133  0.49   81529     109   81474  4093877  50.21
1920-1929       32      0.00130  0.00130  0.50   81421     106   81367  4012403  49.28
1920-1929       33      0.00143  0.00143  0.49   81314     116   81255  3931036  48.34
1920-1929       34      0.00144  0.00144  0.50   81198     117   81140  3849781  47.41
1920-1929       35      0.00143  0.00142  0.50   81081     116   81024  3768641  46.48
1920-1929       36      0.00156  0.00156  0.50   80966     126   80903  3687618  45.55
1920-1929       37      0.00158  0.00158  0.50   80840     127   80775  3606715  44.62
1920-1929       38      0.00148  0.00148  0.49   80712     119   80652  3525940  43.69
1920-1929       39      0.00170  0.00170  0.50   80593     137   80525  3445288  42.75
1920-1929       40      0.00172  0.00172  0.51   80456     138   80388  3364763  41.82
1920-1929       41      0.00193  0.00193  0.50   80318     155   80240  3284375  40.89
1920-1929       42      0.00212  0.00211  0.50   80163     169   80079  3204135  39.97
1920-1929       43      0.00215  0.00215  0.50   79994     172   79908  3124056  39.05
1920-1929       44      0.00254  0.00254  0.49   79822     203   79719  3044148  38.14
1920-1929       45      0.00261  0.00261  0.51   79619     208   79517  2964429  37.23
1920-1929       46      0.00262  0.00262  0.50   79412     208   79309  2884912  36.33
1920-1929       47      0.00289  0.00289  0.50   79204     229   79088  2805604  35.42
1920-1929       48      0.00313  0.00312  0.50   78975     247   78853  2726515  34.52
1920-1929       49      0.00326  0.00325  0.50   78728     256   78601  2647662  33.63
1920-1929       50      0.00331  0.00330  0.50   78472     259   78342  2569061  32.74
1920-1929       51      0.00369  0.00368  0.51   78213     288   78072  2490719  31.85
1920-1929       52      0.00394  0.00394  0.50   77925     307   77773  2412646  30.96
1920-1929       53      0.00390  0.00389  0.49   77619     302   77465  2334873  30.08
1920-1929       54      0.00443  0.00442  0.51   77317     342   77149  2257408  29.20
1920-1929       55      0.00479  0.00478  0.51   76975     368   76794  2180260  28.32
1920-1929       56      0.00516  0.00515  0.50   76607     395   76410  2103465  27.46
1920-1929       57      0.00532  0.00531  0.51   76212     404   76012  2027056  26.60
1920-1929       58      0.00589  0.00587  0.50   75808     445   75585  1951043  25.74
1920-1929       59      0.00649  0.00647  0.50   75363     487   75120  1875459  24.89
1920-1929       60      0.00681  0.00679  0.50   74875     508   74623  1800339  24.04
1920-1929       61      0.00783  0.00780  0.50   74367     580   74079  1725716  23.21
1920-1929       62      0.00847  0.00843  0.50   73787     622   73478  1651637  22.38
1920-1929       63      0.00900  0.00896  0.50   73165     656   72837  1578159  21.57
1920-1929       64      0.01015  0.01009  0.51   72509     732   72148  1505321  20.76
1920-1929       65      0.01058  0.01053  0.50   71777     756   71399  1433173  19.97
1920-1929       66      0.01224  0.01216  0.50   71021     864   70592  1361774  19.17
1920-1929       67      0.01335  0.01326  0.50   70158     930   69694  1291182  18.40
1920-1929       68      0.01422  0.01412  0.51   69227     978   68744  1221488  17.64
1920-1929       69      0.01538  0.01527  0.50   68250    1042   67733  1152744  16.89
1920-1929       70      0.01703  0.01689  0.51   67208    1135   66646  1085012  16.14
1920-1929       71      0.01853  0.01836  0.50   66073    1213   65472  1018365  15.41
1920-1929       72      0.02081  0.02060  0.51   64859    1336   64200   952894  14.69
1920-1929       73      0.02287  0.02262  0.50   63523    1437   62812   888694  13.99
1920-1929       74      0.02412  0.02383  0.51   62087    1480   61356   825882  13.30
1920-1929       75      0.02754  0.02717  0.51   60607    1647   59795   764526  12.61
1920-1929       76      0.02948  0.02906  0.51   58960    1713   58115   704731  11.95
1920-1929       77      0.03262  0.03210  0.50   57247    1838   56337   646615  11.30
1920-1929       78      0.03671  0.03606  0.51   55409    1998   54425   590278  10.65
1920-1929       79      0.03990  0.03913  0.51   53411    2090   52381   535854  10.03
1920-1929       80      0.04505  0.04407  0.51   51321    2262   50202   483473   9.42
1920-1929       81      0.04965  0.04847  0.51   49059    2378   47895   433271   8.83
1920-1929       82      0.05543  0.05396  0.51   46681    2519   45445   385376   8.26
1920-1929       83      0.06124  0.05944  0.51   44162    2625   42863   339931   7.70
1920-1929       84      0.07044  0.06808  0.51   41537    2828   40146   297068   7.15
1920-1929       85      0.07986  0.07682  0.51   38710    2974   37238   256922   6.64
1920-1929       86      0.09173  0.08778  0.51   35736    3137   34197   219684   6.15
1920-1929       87      0.10239  0.09748  0.51   32599    3178   31035   185487   5.69
1920-1929       88      0.11736  0.11088  0.50   29421    3262   27798   154452   5.25
1920-1929       89      0.13284  0.12465  0.51   26159    3261   24547   126654   4.84
1920-1929       90      0.15112  0.14056  0.50   22898    3219   21298   102108   4.46
1920-1929       91      0.16904  0.15601  0.51   19680    3070   18162    80810   4.11
1920-1929       92      0.19203  0.17537  0.51   16609    2913   15168    62648   3.77
1920-1929       93      0.21736  0.19617  0.50   13697    2687   12361    47480   3.47
1920-1929       94      0.24306  0.21699  0.51   11010    2389    9829    35119   3.19
1920-1929       95      0.27605  0.24273  0.50    8621    2093    7580    25290   2.93
1920-1929       96      0.30890  0.26776  0.50    6528    1748    5659    17709   2.71
1920-1929       97      0.33528  0.28698  0.50    4780    1372    4092    12050   2.52
1920-1929       98      0.38069  0.31987  0.50    3408    1090    2864     7959   2.34
1920-1929       99      0.38107  0.32037  0.50    2318     743    1949     5095   2.20
1920-1929      100      0.46509  0.37771  0.50    1576     595    1279     3146   2.00
1920-1929      101      0.49307  0.39380  0.49     980     386     783     1867   1.90
1920-1929      102      0.48321  0.38897  0.50     594     231     478     1083   1.82
1920-1929      103      0.55473  0.43578  0.51     363     158     285      605   1.67
1920-1929      104      0.66879  0.50207  0.50     205     103     154      320   1.56
1920-1929      105      0.52875  0.42017  0.51     102      43      81      166   1.63
1920-1929      106      0.69826  0.50794  0.46      59      30      43       85   1.43
1920-1929      107      0.71444  0.53333  0.52      29      16      22       42   1.44
1920-1929      108      0.40473  0.35714  0.67      14       5      12       20   1.48
1920-1929      109      0.78751  0.55556  0.47       9       5       6        8   0.93
1920-1929      110+     1.98633  1.00000  0.50       4       4       2        2   0.50
1930-1931        0      0.07056  0.06730  0.31  100000    6730   95384  7217307  72.17
1930-1931        1      0.01472  0.01461  0.49   93270    1363   92571  7121923  76.36
1930-1931        2      0.00833  0.00830  0.51   91907     763   91531  7029351  76.48
1930-1931        3      0.00628  0.00626  0.50   91145     571   90858  6937820  76.12
1930-1931        4      0.00367  0.00366  0.51   90574     331   90410  6846963  75.60
1930-1931        5      0.00336  0.00335  0.50   90242     302   90091  6756553  74.87
1930-1931        6      0.00276  0.00276  0.51   89940     248   89819  6666462  74.12
1930-1931        7      0.00257  0.00257  0.50   89692     231   89577  6576643  73.32
1930-1931        8      0.00216  0.00215  0.51   89461     193   89367  6487066  72.51
1930-1931        9      0.00214  0.00214  0.49   89269     191   89171  6397699  71.67
1930-1931       10      0.00191  0.00191  0.51   89078     170   88994  6308528  70.82
1930-1931       11      0.00182  0.00182  0.51   88908     161   88829  6219533  69.95
1930-1931       12      0.00171  0.00171  0.49   88746     152   88669  6130704  69.08
1930-1931       13      0.00248  0.00248  0.53   88595     220   88492  6042035  68.20
1930-1931       14      0.00244  0.00244  0.49   88375     216   88264  5953543  67.37
1930-1931       15      0.00197  0.00197  0.52   88159     174   88076  5865279  66.53
1930-1931       16      0.00188  0.00188  0.53   87985     166   87908  5777203  65.66
1930-1931       17      0.00242  0.00242  0.48   87820     212   87709  5689294  64.78
1930-1931       18      0.00176  0.00175  0.49   87607     154   87529  5601585  63.94
1930-1931       19      0.00206  0.00206  0.50   87454     180   87364  5514056  63.05
1930-1931       20      0.00109  0.00109  0.50   87274      95   87226  5426692  62.18
1930-1931       21      0.00119  0.00119  0.48   87179     104   87125  5339466  61.25
1930-1931       22      0.00094  0.00094  0.51   87075      82   87035  5252341  60.32
1930-1931       23      0.00103  0.00103  0.50   86993      89   86949  5165306  59.38
1930-1931       24      0.00065  0.00065  0.50   86904      57   86876  5078357  58.44
1930-1931       25      0.00075  0.00075  0.51   86847      65   86815  4991481  57.47
1930-1931       26      0.00092  0.00092  0.51   86782      80   86743  4904666  56.52
1930-1931       27      0.00096  0.00096  0.46   86703      83   86658  4817923  55.57
1930-1931       28      0.00098  0.00098  0.47   86620      85   86574  4731265  54.62
1930-1931       29      0.00088  0.00088  0.44   86535      76   86492  4644691  53.67
1930-1931       30      0.00090  0.00090  0.54   86459      78   86423  4558199  52.72
1930-1931       31      0.00094  0.00094  0.43   86381      81   86335  4471776  51.77
1930-1931       32      0.00106  0.00106  0.51   86300      91   86255  4385441  50.82
1930-1931       33      0.00138  0.00138  0.49   86209     119   86148  4299186  49.87
1930-1931       34      0.00100  0.00100  0.50   86089      86   86046  4213038  48.94
1930-1931       35      0.00112  0.00112  0.49   86004      96   85955  4126991  47.99
1930-1931       36      0.00137  0.00137  0.47   85907     118   85845  4041037  47.04
1930-1931       37      0.00148  0.00148  0.49   85790     127   85725  3955192  46.10
1930-1931       38      0.00147  0.00147  0.50   85663     126   85599  3869467  45.17
1930-1931       39      0.00148  0.00148  0.52   85536     126   85476  3783868  44.24
1930-1931       40      0.00164  0.00163  0.50   85410     140   85340  3698392  43.30
1930-1931       41      0.00160  0.00160  0.48   85271     137   85200  3613052  42.37
1930-1931       42      0.00150  0.00150  0.51   85134     128   85071  3527852  41.44
1930-1931       43      0.00171  0.00171  0.49   85006     145   84932  3442781  40.50
1930-1931       44      0.00221  0.00221  0.50   84861     188   84767  3357849  39.57
1930-1931       45      0.00224  0.00223  0.51   84674     189   84581  3273082  38.66
1930-1931       46      0.00191  0.00191  0.46   84484     161   84398  3188501  37.74
1930-1931       47      0.00232  0.00231  0.51   84323     195   84227  3104103  36.81
1930-1931       48      0.00255  0.00255  0.53   84128     214   84027  3019876  35.90
1930-1931       49      0.00259  0.00259  0.50   83914     217   83806  2935849  34.99
1930-1931       50      0.00276  0.00275  0.48   83696     231   83577  2852043  34.08
1930-1931       51      0.00308  0.00308  0.52   83466     257   83341  2768466  33.17
1930-1931       52      0.00348  0.00348  0.51   83209     289   83068  2685124  32.27
1930-1931       53      0.00340  0.00340  0.49   82920     282   82777  2602056  31.38
1930-1931       54      0.00395  0.00394  0.50   82638     326   82474  2519279  30.49
1930-1931       55      0.00438  0.00437  0.50   82312     359   82134  2436805  29.60
1930-1931       56      0.00490  0.00489  0.49   81953     400   81748  2354671  28.73
1930-1931       57      0.00461  0.00460  0.51   81552     375   81369  2272923  27.87
1930-1931       58      0.00545  0.00544  0.51   81177     441   80959  2191554  27.00
1930-1931       59      0.00586  0.00585  0.51   80735     472   80504  2110595  26.14
1930-1931       60      0.00652  0.00650  0.51   80263     521   80009  2030091  25.29
1930-1931       61      0.00683  0.00681  0.50   79742     543   79472  1950082  24.45
1930-1931       62      0.00765  0.00762  0.50   79199     604   78898  1870609  23.62
1930-1931       63      0.00776  0.00773  0.50   78595     608   78293  1791711  22.80
1930-1931       64      0.00776  0.00773  0.50   77987     603   77685  1713418  21.97
1930-1931       65      0.00955  0.00950  0.49   77384     735   77012  1635734  21.14
1930-1931       66      0.01011  0.01006  0.51   76649     771   76268  1558722  20.34
1930-1931       67      0.01081  0.01075  0.50   75878     816   75467  1482454  19.54
1930-1931       68      0.01035  0.01029  0.51   75063     773   74686  1406986  18.74
1930-1931       69      0.01195  0.01188  0.51   74290     883   73858  1332300  17.93
1930-1931       70      0.01359  0.01350  0.51   73407     991   72917  1258442  17.14
1930-1931       71      0.01377  0.01368  0.51   72416     991   71926  1185525  16.37
1930-1931       72      0.01600  0.01588  0.51   71425    1134   70873  1113599  15.59
1930-1931       73      0.01793  0.01777  0.51   70292    1249   69678  1042726  14.83
1930-1931       74      0.01947  0.01929  0.50   69042    1332   68375   973048  14.09
1930-1931       75      0.02070  0.02050  0.51   67711    1388   67025   904674  13.36
1930-1931       76      0.02207  0.02183  0.52   66323    1448   65621   837648  12.63
1930-1931       77      0.02672  0.02638  0.51   64875    1711   64030   772027  11.90
1930-1931       78      0.02951  0.02909  0.51   63164    1838   62265   707997  11.21
1930-1931       79      0.03372  0.03316  0.50   61326    2034   60315   645733  10.53
1930-1931       80      0.03666  0.03599  0.50   59292    2134   58221   585418   9.87
1930-1931       81      0.04233  0.04146  0.51   57158    2370   55988   527197   9.22
1930-1931       82      0.04820  0.04708  0.51   54788    2579   53521   471209   8.60
1930-1931       83      0.05450  0.05306  0.50   52209    2770   50829   417688   8.00
1930-1931       84      0.06384  0.06188  0.51   49439    3059   47924   366860   7.42
1930-1931       85      0.07433  0.07170  0.51   46379    3326   44740   318935   6.88
1930-1931       86      0.08354  0.08030  0.52   43054    3457   41382   274195   6.37
1930-1931       87      0.09449  0.09034  0.51   39597    3577   37857   232813   5.88
1930-1931       88      0.10499  0.09983  0.51   36020    3596   34249   194956   5.41
1930-1931       89      0.11742  0.11095  0.50   32424    3597   30637   160707   4.96
1930-1931       90      0.14407  0.13447  0.50   28826    3876   26905   130070   4.51
1930-1931       91      0.16666  0.15393  0.50   24950    3841   23045   103165   4.13
1930-1931       92      0.18923  0.17303  0.51   21109    3653   19302    80120   3.80
1930-1931       93      0.21406  0.19347  0.50   17457    3377   15778    60818   3.48
1930-1931       94      0.24107  0.21546  0.51   14079    3034   12584    45040   3.20
1930-1931       95      0.27321  0.24064  0.50   11046    2658    9729    32456   2.94
1930-1931       96      0.31133  0.26965  0.50    8388    2262    7265    22727   2.71
1930-1931       97      0.33528  0.28698  0.50    6126    1758    5244    15462   2.52
1930-1931       98      0.38284  0.32147  0.50    4368    1404    3668    10219   2.34
1930-1931       99      0.38110  0.32034  0.50    2964     949    2491     6551   2.21
1930-1931      100      0.45791  0.37257  0.50    2014     750    1639     4060   2.02
1930-1931      101      0.48543  0.38898  0.49    1264     492    1013     2421   1.92
1930-1931      102      0.48321  0.38897  0.50     772     300     622     1408   1.82
1930-1931      103      0.55473  0.43578  0.51     472     206     371      786   1.67
1930-1931      104      0.66879  0.50207  0.50     266     134     200      415   1.56
1930-1931      105      0.52875  0.42017  0.51     133      56     105      216   1.63
1930-1931      106      0.69826  0.50794  0.46      77      39      56      110   1.43
1930-1931      107      0.71444  0.53333  0.52      38      20      28       54   1.44
1930-1931      108      0.40473  0.35714  0.67      18       6      16       26   1.48
1930-1931      109      0.78751  0.55556  0.47      11       6       8       11   0.93
1930-1931      110+     1.98633  1.00000  0.50       5       5       3        3   0.50
